	superkingdom	phylum	class	order	family	genus	species
2162	2157.0	28890.0	183925.0	2158.0	2159.0	2160.0	2162.0
2173	2157.0	28890.0	183925.0	2158.0	2159.0	2172.0	2173.0
2176	2157.0	28890.0	224756.0	94695.0	2206.0	2175.0	2176.0
2177	2157.0	28890.0	224756.0	94695.0	2206.0	2175.0	2177.0
2180	2157.0	28890.0	183925.0	2158.0	2178.0	2179.0	2180.0
2186	2157.0	28890.0	183939.0	2182.0	2183.0	155862.0	2186.0
2187	2157.0	28890.0	183939.0	2182.0	2183.0	2184.0	2187.0
2188	2157.0	28890.0	183939.0	2182.0	2183.0	2184.0	2188.0
2189	2157.0	28890.0	183939.0	2182.0	196117.0	196119.0	2189.0
2190	2157.0	28890.0	183939.0	2182.0	196117.0	196118.0	2190.0
2198	2157.0	28890.0	224756.0	2191.0	2194.0	45989.0	2198.0
2200	2157.0	28890.0	224756.0	2191.0	2194.0	45989.0	2200.0
2205	2157.0	28890.0	224756.0	2191.0	2194.0	2204.0	2205.0
2208	2157.0	28890.0	224756.0	94695.0	2206.0	2207.0	2208.0
2209	2157.0	28890.0	224756.0	94695.0	2206.0	2207.0	2209.0
2210	2157.0	28890.0	224756.0	94695.0	2206.0	2207.0	2210.0
2214	2157.0	28890.0	224756.0	94695.0	2206.0	2207.0	2214.0
2215	2157.0	28890.0	224756.0	94695.0	2206.0	2207.0	2215.0
2223	2157.0	28890.0	224756.0	94695.0	143067.0	2222.0	2223.0
2234	2157.0	28890.0	183980.0	2231.0	2232.0	2233.0	2234.0
2238	2157.0	28890.0	183963.0	2235.0	1963268.0	2237.0	2238.0
2242	2157.0	28890.0	183963.0	2235.0	2236.0	2239.0	2242.0
2246	2157.0	28890.0	183963.0	1644055.0	1644056.0	2251.0	2246.0
2247	2157.0	28890.0	183963.0	1644055.0	1963271.0	56688.0	2247.0
2248	2157.0	28890.0	183963.0	1644055.0	1963271.0	56688.0	2248.0
2250	2157.0	28890.0	183963.0	2235.0	1963270.0	2249.0	2250.0
2252	2157.0	28890.0	183963.0	1644055.0	1644056.0	2251.0	2252.0
2254	2157.0	28890.0	183963.0	1644055.0	1644056.0	2251.0	2254.0
2257	2157.0	28890.0	183963.0	2235.0	1963268.0	63743.0	2257.0
2261	2157.0	28890.0	183968.0	2258.0	2259.0	2260.0	2261.0
2265	2157.0	28890.0	183968.0	2258.0	2259.0	2263.0	2265.0
2269	2157.0	28889.0	183924.0	2266.0	114378.0	2268.0	2269.0
2271	2157.0	28889.0	183924.0	2266.0	2267.0	2270.0	2271.0
2275	2157.0	28889.0	183924.0	114380.0	2272.0	2273.0	2275.0
2277	2157.0	28889.0	183924.0	2266.0	2267.0	2276.0	2277.0
2280	2157.0	28889.0	183924.0	114380.0	2272.0	2279.0	2280.0
2285	2157.0	28889.0	183924.0	2281.0	118883.0	2284.0	2285.0
2287	2157.0	28889.0	183924.0	2281.0	118883.0	2100760.0	2287.0
2303	2157.0	28890.0	183967.0	2301.0	46659.0	2302.0	2303.0
2309	2157.0	28889.0	183924.0	114380.0	2307.0	2308.0	2309.0
2317	2157.0	28890.0	183925.0	2158.0	2159.0	2316.0	2317.0
13769	2157.0	28890.0	183963.0	1644060.0	1644061.0	63742.0	13769.0
13773	2157.0	28889.0	183924.0	2266.0	2267.0	2276.0	13773.0
28442	2157.0	28890.0	183963.0	2235.0	1963268.0	2237.0	28442.0
29282	2157.0	28890.0	183963.0	2235.0	1963268.0	2237.0	29282.0
29283	2157.0	28890.0	183963.0	1644055.0	1963271.0	56688.0	29283.0
29288	2157.0	28890.0	183963.0	1644060.0	1644061.0	29287.0	29288.0
29291	2157.0	28890.0	224756.0	94695.0	2206.0	2225.0	29291.0
29292	2157.0	28890.0	183968.0	2258.0	2259.0	2260.0	29292.0
35742	2157.0	28890.0	183963.0	2235.0	1963268.0	2237.0	35742.0
35745	2157.0	28890.0	183963.0	1644055.0	1644056.0	2251.0	35745.0
35746	2157.0	28890.0	183963.0	1644055.0	1644056.0	2251.0	35746.0
36738	2157.0	28890.0	183963.0	2235.0	1963270.0	2249.0	36738.0
38027	2157.0	28890.0	224756.0	94695.0	2206.0	2207.0	38027.0
39152	2157.0	28890.0	183939.0	2182.0	2183.0	2184.0	39152.0
39441	2157.0	28890.0	183925.0	2158.0	2159.0	2172.0	39441.0
39664	2157.0	28890.0	224756.0	94695.0	2206.0	2175.0	39664.0
39669	2157.0	28890.0	224756.0	94695.0	2206.0	196136.0	39669.0
42879	2157.0	28890.0	183939.0	2182.0	2183.0	2184.0	42879.0
43080	2157.0	28889.0	183924.0	2281.0	118883.0	2284.0	43080.0
43687	2157.0	28889.0	183924.0	2281.0	118883.0	41980.0	43687.0
43776	2157.0	28890.0	183963.0	2235.0	1963268.0	2237.0	43776.0
43928	2157.0	28890.0	183963.0	1644055.0	1963271.0	43927.0	43928.0
44470	2157.0	28890.0	183963.0	1644060.0	1644061.0	29287.0	44470.0
44930	2157.0	28890.0	183963.0	1644060.0	1644061.0	2256.0	44930.0
47303	2157.0	28889.0	183924.0	2281.0	118883.0	2284.0	47303.0
47311	2157.0	28890.0	183925.0	2158.0	2159.0	2172.0	47311.0
49547	2157.0	28890.0	183925.0	2158.0	2159.0	2172.0	49547.0
50339	2157.0	28890.0	183967.0	2301.0	46659.0	2302.0	50339.0
51589	2157.0	28890.0	183963.0	2235.0	1963268.0	2237.0	51589.0
53952	2157.0	28890.0	183968.0	2258.0	2259.0	2263.0	53952.0
53953	2157.0	28890.0	183968.0	2258.0	2259.0	2260.0	53953.0
54076	2157.0	28890.0	183968.0	2258.0	2259.0	2263.0	54076.0
54248	2157.0	28889.0	183924.0	114380.0	2307.0	54247.0	54248.0
54252	2157.0	28889.0	183924.0	114380.0	2307.0	54251.0	54252.0
54254	2157.0	28889.0	183924.0	114380.0	2272.0	54253.0	54254.0
54259	2157.0	28889.0	183924.0	114380.0	2272.0	54258.0	54259.0
54261	2157.0	28890.0	183980.0	2231.0	2232.0	54260.0	54261.0
54262	2157.0	28890.0	183968.0	2258.0	2259.0	2263.0	54262.0
55758	2157.0	28890.0	183925.0	2158.0	2159.0	2172.0	55758.0
55802	2157.0	28890.0	183968.0	2258.0	2259.0	2263.0	55802.0
56636	2157.0	28889.0	183924.0	114380.0	2272.0	56635.0	56636.0
57705	2157.0	28890.0	183963.0	2235.0	1963268.0	203135.0	57705.0
60847	2157.0	28890.0	183963.0	1644055.0	1644056.0	60846.0	60847.0
61858	2157.0	28890.0	183963.0	1644060.0	1644061.0	134813.0	61858.0
62319	2157.0	28890.0	183963.0	2235.0	1963270.0	2249.0	62319.0
62320	2157.0	28890.0	183963.0	1644060.0	1644061.0	121871.0	62320.0
63128	2157.0	28890.0	183963.0	1644060.0	1644061.0	134813.0	63128.0
64602	2157.0	28890.0	183963.0	1644060.0	1644061.0	63742.0	64602.0
64713	2157.0	28890.0	183963.0	1644055.0	1963271.0	56688.0	64713.0
66851	2157.0	28890.0	183925.0	2158.0	2159.0	2172.0	66851.0
67760	2157.0	28890.0	183939.0	2182.0	196117.0	196118.0	67760.0
68911	2157.0	28890.0	183963.0	1644060.0	1644061.0	63742.0	68911.0
69525	2157.0	28890.0	183963.0	1644060.0	1644061.0	88723.0	69525.0
69527	2157.0	28890.0	183963.0	1644060.0	1644061.0	88723.0	69527.0
70771	2157.0	28889.0	183924.0	2266.0	2267.0	2276.0	70771.0
71518	2157.0	28890.0	224756.0	2191.0	88404.0	2192.0	71518.0
73913	2157.0	28890.0	183939.0	2182.0	196117.0	196118.0	73913.0
82076	2157.0	28890.0	183967.0	2301.0	46630.0	46631.0	82076.0
83171	2157.0	28890.0	183939.0	2182.0	196117.0	196118.0	83171.0
83816	2157.0	28890.0	183925.0	2158.0	2159.0	2172.0	83816.0
83868	2157.0	28890.0	183968.0	2258.0	2259.0	83867.0	83868.0
83984	2157.0	28890.0	224756.0	2191.0	88404.0	2192.0	83984.0
83986	2157.0	28890.0	224756.0	2191.0	2194.0	45989.0	83986.0
84156	2157.0	28890.0	183980.0	2231.0	2232.0	2233.0	84156.0
84599	2157.0	28889.0	183924.0	114380.0	2272.0	2279.0	84599.0
86622	2157.0	28890.0	224756.0	2191.0	2194.0	45989.0	86622.0
94694	2157.0	28889.0	183924.0	114380.0	2272.0	2273.0	94694.0
99007	2157.0	28889.0	183924.0	2266.0	2267.0	2276.0	99007.0
101192	2157.0	28890.0	224756.0	94695.0	2206.0	101191.0	101192.0
110164	2157.0	28890.0	183968.0	2258.0	2259.0	2263.0	110164.0
111955	2157.0	28889.0	183924.0	2281.0	118883.0	69655.0	111955.0
114529	2157.0	28890.0	183963.0	1644055.0	1644056.0	2251.0	114529.0
118062	2157.0	28890.0	183925.0	2158.0	2159.0	2160.0	118062.0
118126	2157.0	28890.0	224756.0	2191.0	2194.0	45989.0	118126.0
119434	2157.0	28890.0	183963.0	1644055.0	1963271.0	56688.0	119434.0
121277	2157.0	28889.0	183924.0	2266.0	2267.0	2276.0	121277.0
121872	2157.0	28890.0	183963.0	1644060.0	1644061.0	121871.0	121872.0
123783	2157.0	28890.0	183963.0	1644060.0	1644061.0	63742.0	123783.0
129789	2157.0	28890.0	183963.0	1644060.0	1644061.0	63742.0	129789.0
130048	2157.0	28890.0	183963.0	1644060.0	1644061.0	203193.0	130048.0
145261	2157.0	28890.0	183925.0	2158.0	2159.0	145260.0	145261.0
145262	2157.0	28890.0	183925.0	2158.0	2159.0	145260.0	145262.0
145263	2157.0	28890.0	183925.0	2158.0	2159.0	145260.0	145263.0
146826	2157.0	28890.0	183963.0	2235.0	1963268.0	146825.0	146826.0
155863	2157.0	28890.0	183939.0	2182.0	2183.0	155862.0	155863.0
160233	2157.0	28889.0	183924.0	114380.0	2272.0	54258.0	160233.0
160846	2157.0	28890.0	183963.0	1644060.0	1644061.0	63742.0	160846.0
163003	2157.0	28890.0	183968.0	2258.0	2259.0	2263.0	163003.0
164451	2157.0	28889.0	183924.0	2266.0	2267.0	164450.0	164451.0
164452	2157.0	28889.0	183924.0	2266.0	2267.0	164450.0	164452.0
170861	2157.0	28890.0	224756.0	94695.0	2206.0	2207.0	170861.0
171164	2157.0	28890.0	183963.0	2235.0	1963268.0	171163.0	171164.0
172049	2157.0	28890.0	183968.0	2258.0	2259.0	2263.0	172049.0
184117	2157.0	28889.0	183924.0	2266.0	2267.0	2270.0	184117.0
187878	2157.0	28890.0	183968.0	2258.0	2259.0	2263.0	187878.0
190977	2157.0	28890.0	183925.0	2158.0	2159.0	2172.0	190977.0
195522	2157.0	28890.0	183968.0	2258.0	2259.0	2263.0	195522.0
200415	2157.0	28889.0	183924.0	871006.0	255472.0	200414.0	200415.0
213185	2157.0	28890.0	183939.0	2182.0	196117.0	196119.0	213185.0
222984	2157.0	28890.0	183963.0	1644060.0	1644061.0	88723.0	222984.0
224719	2157.0	28890.0	183925.0	2158.0	2159.0	2172.0	224719.0
227598	2157.0	28890.0	183968.0	2258.0	2259.0	2263.0	227598.0
228748	2157.0	28889.0	183924.0	114380.0	2272.0	2273.0	94694.0
229731	2157.0	28890.0	183963.0	1644060.0	1644061.0	203193.0	229731.0
229980	2157.0	28889.0	183924.0	114380.0	2272.0	56635.0	229980.0
230356	2157.0	28890.0	224756.0	2191.0	2194.0	230355.0	230356.0
230361	2157.0	28890.0	183925.0	2158.0	2159.0	2172.0	230361.0
242703	2157.0	28889.0	183924.0	871006.0	871007.0	105850.0	242703.0
244363	2157.0	28890.0	183963.0	2235.0	1963268.0	2237.0	244363.0
246969	2157.0	28890.0	183968.0	2258.0	2259.0	2263.0	246969.0
253107	2157.0	28890.0	183963.0	1644060.0	1644061.0	253106.0	253107.0
255616	2157.0	28890.0	183963.0	1644055.0	1644056.0	2251.0	255616.0
263906	2157.0	28890.0	224756.0	2191.0	1198451.0	499551.0	263906.0
267368	2157.0	28890.0	183963.0	1644055.0	1963271.0	56688.0	267368.0
277988	2157.0	28890.0	183968.0	2258.0	2259.0	2263.0	277988.0
293091	2157.0	28890.0	183963.0	1644055.0	1644056.0	293431.0	293091.0
294671	2157.0	28890.0	183925.0	2158.0	2159.0	2172.0	294671.0
301375	2157.0	28890.0	224756.0	94695.0	143067.0	2222.0	301375.0
301967	2157.0	28890.0	183963.0	1644060.0	1644061.0	121871.0	301967.0
302484	2157.0	28890.0	183963.0	1644055.0	1644056.0	2251.0	302484.0
308853	2157.0	28890.0	183963.0	1644060.0	1644061.0	134813.0	308853.0
311400	2157.0	28890.0	183968.0	2258.0	2259.0	2263.0	311400.0
332168	2157.0	28890.0	183963.0	2235.0	1963270.0	2249.0	332168.0
332953	2157.0	28890.0	183963.0	1644060.0	1644061.0	332951.0	332953.0
335952	2157.0	28890.0	183963.0	2235.0	1963270.0	2249.0	335952.0
337243	2157.0	28890.0	183963.0	1644055.0	1963271.0	56688.0	337243.0
342948	2157.0	28890.0	183968.0	2258.0	2259.0	2263.0	342948.0
342949	2157.0	28890.0	183968.0	2258.0	2259.0	2260.0	342949.0
353800	2157.0	28890.0	183963.0	1644060.0	1644061.0	353799.0	353800.0
358766	2157.0	28890.0	224756.0	2191.0	1198451.0	395331.0	358766.0
367189	2157.0	28890.0	183963.0	2235.0	2236.0	367188.0	367189.0
368454	2157.0	28890.0	183963.0	1644055.0	1963271.0	56688.0	368454.0
368623	2157.0	28890.0	183963.0	1644055.0	1963271.0	56688.0	368623.0
368624	2157.0	28890.0	183963.0	1644055.0	1963271.0	56688.0	368624.0
376171	2157.0	28890.0	183963.0	1644055.0	1644056.0	376170.0	376171.0
379547	2157.0	28890.0				379546.0	379547.0
381852	2157.0	28890.0	183963.0	1644055.0	1644056.0	2251.0	381852.0
386456	2157.0	28890.0	183925.0	2158.0	2159.0	2160.0	386456.0
387343	2157.0	28890.0	183963.0	1644060.0	1644061.0	387342.0	387343.0
388259	2157.0	28890.0	183963.0	1644060.0	1644061.0	134813.0	388259.0
396317	2157.0	28890.0	183963.0	2235.0	1963268.0	2237.0	396317.0
399579	2157.0	28890.0	183967.0	2301.0		482135.0	399579.0
403181	2157.0	28890.0	183963.0	1644055.0	1644056.0	2251.0	403181.0
403191	2157.0	28890.0	183963.0	1644055.0	1644056.0	2251.0	403191.0
406552	2157.0	28890.0	183963.0	1644060.0	1644061.0	88723.0	406552.0
408577	2157.0	28890.0	183925.0	2158.0	2159.0	2160.0	408577.0
409316	2157.0	28890.0	183963.0	1644055.0	1963271.0	56688.0	409316.0
411361	2157.0	28890.0	183963.0	1644055.0	1644056.0	60846.0	411361.0
413810	2157.0	28890.0	183963.0	2235.0	2236.0	332246.0	413810.0
413811	2157.0	28890.0	183963.0	1644060.0	1644061.0	121871.0	413811.0
413812	2157.0	28890.0	183963.0	1644060.0	1644061.0	29287.0	413812.0
413816	2157.0	28890.0	183963.0	1644055.0	1963271.0	56688.0	413816.0
416273	2157.0	28890.0	183963.0	2235.0	1963268.0	63743.0	416273.0
416585	2157.0	28890.0	183963.0	1644055.0	1963271.0	56688.0	416585.0
418008	2157.0	28890.0	224756.0	94695.0	2206.0	2207.0	418008.0
419186	2157.0	28890.0	183963.0	1644060.0	1644061.0	88723.0	419186.0
420950	2157.0	28890.0	224756.0	94695.0	2206.0	2220.0	420950.0
430914	2157.0	28890.0	183963.0	2235.0	1963268.0	146825.0	430914.0
437163	2157.0	28890.0	183963.0	2235.0	1963268.0	203135.0	437163.0
453847	2157.0	28890.0	183963.0	2235.0	2236.0	367188.0	453847.0
475088	2157.0	28890.0	224756.0	2191.0	1198451.0	475087.0	475088.0
477693	2157.0	28889.0	183924.0	114380.0	2272.0	2273.0	94694.0
478441	2157.0	28890.0	183963.0	1644055.0	1963271.0	56688.0	478441.0
489138	2157.0	28890.0	183963.0	2235.0	2236.0	744724.0	489138.0
498846	2157.0	51967.0				498845.0	498846.0
504937	2157.0	28890.0	183963.0	1644060.0	1644061.0	121871.0	504937.0
507754	2157.0	28890.0	183967.0	2301.0	90142.0	507753.0	507754.0
528314	2157.0	28890.0	224756.0	2191.0	2194.0	45989.0	528314.0
553468	2157.0	28890.0	183963.0	2235.0	2236.0	367188.0	553468.0
563177	2157.0	28889.0	183924.0	2281.0	118883.0	12914.0	563177.0
575195	2157.0	28890.0	183963.0	2235.0	1963268.0	2237.0	575195.0
582419	2157.0	28890.0	183968.0	2258.0	2259.0	2263.0	582419.0
588898	2157.0	28890.0	183963.0	1644060.0	1644061.0	121871.0	588898.0
644281	2157.0	28890.0	183939.0	2182.0	196117.0	196118.0	644281.0
667126	2157.0	28890.0	183939.0	2182.0	196117.0	196118.0	667126.0
673860	2157.0	28890.0				379546.0	673860.0
693851	2157.0	28890.0	183963.0	1644055.0	1644056.0	695982.0	693851.0
699431	2157.0	28890.0	183963.0	1644055.0	1963271.0	1075397.0	699431.0
751944	2157.0	28890.0	183963.0	2235.0	2236.0	2239.0	751944.0
756883	2157.0	28890.0	183963.0	1644055.0			756883.0
866790	2157.0	28890.0	183925.0	2158.0	2159.0	145260.0	866790.0
867917	2157.0	28889.0	183924.0	2266.0	2267.0	164450.0	867917.0
868131	2157.0	28890.0	183925.0	2158.0	2159.0	2160.0	868131.0
877455	2157.0	28890.0	183925.0	2158.0	2159.0	2160.0	877455.0
882104	2157.0	28890.0	224756.0	2191.0	1198451.0	395331.0	882104.0
913025	2157.0	28890.0	183968.0	2258.0	2259.0	2263.0	913025.0
971279	2157.0	28890.0	183968.0	2258.0	2259.0	83867.0	971279.0
985052	2157.0	28889.0	183924.0	2266.0	2267.0	164450.0	985052.0
1006005	2157.0	28889.0	183924.0	2281.0	118883.0	41980.0	1006005.0
1007084	2157.0	651137.0		31932.0	338190.0	1007082.0	1007084.0
1008153	2157.0	28890.0	183963.0	2235.0	2236.0	332246.0	1008153.0
1008460	2157.0	28890.0	183968.0	2258.0	2259.0	2260.0	1008460.0
1027373	2157.0	651137.0		31932.0	338190.0	338191.0	1027373.0
1027374	2157.0	651137.0		31932.0	338190.0	338191.0	1027374.0
1034015	2157.0	651137.0	1643678.0	1033996.0	1033997.0	497726.0	1034015.0
1036677	2157.0	28890.0	224756.0	94695.0	2206.0	2207.0	1036677.0
1042877	2157.0	28890.0	183968.0	2258.0	2259.0	2263.0	1042877.0
1054217	2157.0	28890.0	183967.0	2301.0			1054217.0
1071085	2157.0	28890.0	183963.0	2235.0			1071085.0
1080712	2157.0	28890.0	183967.0	1235850.0	1577788.0	1080709.0	1080712.0
1088740	2157.0	651137.0		31932.0	338190.0	1007082.0	1088740.0
1104324	2157.0	28889.0	183924.0	2266.0	2267.0	2276.0	1104324.0
1111107	2157.0	28889.0	183924.0	2281.0	118883.0	41980.0	1111107.0
1160895	2157.0	28889.0	183924.0	2281.0	118883.0	12914.0	1160895.0
1170320	2157.0	651137.0		31932.0	338190.0	338191.0	1170320.0
1172566	2157.0	28890.0	183963.0	1644060.0	1644061.0	88723.0	1172566.0
1173487	2157.0	28890.0	183963.0	1644055.0	1963271.0	56688.0	1173487.0
1175445	2157.0	28890.0	224756.0	570264.0	570265.0	570266.0	1175445.0
1183377	2157.0	28890.0	183968.0	2258.0	2259.0	2260.0	1183377.0
1194088	2157.0	28890.0	183963.0	1644055.0	1963271.0	56688.0	1194088.0
1200300	2157.0	28889.0	183924.0	114380.0	2272.0	477695.0	1200300.0
1227462	2157.0	28890.0	183963.0	1644055.0	1644056.0	2251.0	1227462.0
1227463	2157.0	28890.0	183963.0	1644055.0	1644056.0	2251.0	1227463.0
1227464	2157.0	28890.0	183963.0	1644055.0	1644056.0	2251.0	1227464.0
1227480	2157.0	28890.0	183963.0	1644055.0	1963271.0	56688.0	1227480.0
1229909	2157.0	651137.0		31932.0	338190.0	338191.0	1229909.0
1232219	2157.0	28890.0	183963.0	2235.0	1963270.0	2249.0	1232219.0
1243180	2157.0	28890.0	183963.0	1644055.0	1644056.0	2251.0	1243180.0
1264579	2157.0	28890.0	183963.0	2235.0	1963270.0	2249.0	1264579.0
1273541	2157.0	28889.0	183924.0	114380.0	2307.0	2308.0	1273541.0
1291540	2157.0	28890.0	183967.0	1235850.0	2517203.0	1291539.0	1291540.0
1293047	2157.0	28890.0	183963.0	1644060.0	1644061.0	387342.0	1293047.0
1293048	2157.0	28890.0	183963.0	1644060.0	1644061.0	387342.0	1293048.0
1294262	2157.0	28889.0	183924.0	2281.0	118883.0	2284.0	1294262.0
1295370	2157.0	28889.0	183924.0	2266.0	2267.0	164450.0	1295370.0
1295371	2157.0	28889.0	183924.0	2266.0	2267.0	164450.0	1295371.0
1295372	2157.0	28889.0	183924.0	2266.0	2267.0	164450.0	1295372.0
1301915	2157.0	28890.0	183939.0	2182.0	196117.0	196118.0	1301915.0
1333523	2157.0	28890.0	183963.0	1644060.0	1644061.0	1269201.0	1333523.0
1348249	2157.0	28890.0	183925.0	2158.0	2159.0	2172.0	1348249.0
1353246	2157.0	651137.0				1825023.0	1353246.0
1365176	2157.0	28889.0	183924.0	2266.0	114378.0	2268.0	1365176.0
1379702	2157.0	28890.0	183925.0	2158.0	2159.0	2160.0	1379702.0
1380430	2157.0	28890.0	183963.0	1644055.0	1963271.0	1075397.0	1380430.0
1406512	2157.0	28890.0	183967.0	1235850.0	1577788.0	1080709.0	1406512.0
1407055	2157.0	651137.0					1407055.0
1407499	2157.0	28890.0	183963.0	2235.0	2236.0	2239.0	1407499.0
1410606	2157.0	651137.0				1593364.0	1410606.0
1416969	2157.0	28890.0	183963.0	1644060.0	1644061.0	121871.0	1416969.0
1431545	2157.0	28890.0	183963.0	1644055.0	1963271.0	1431544.0	1431545.0
1434099	2157.0	28890.0	224756.0	94695.0	2206.0	2207.0	1434099.0
1434100	2157.0	28890.0	224756.0	94695.0	2206.0	2207.0	1434100.0
1434102	2157.0	28890.0	224756.0	94695.0	2206.0	2207.0	1434102.0
1434103	2157.0	28890.0	224756.0	94695.0	2206.0	2207.0	1434103.0
1448860	2157.0	28890.0	183963.0	1644055.0	1644056.0	1073986.0	1448860.0
1457250	2157.0	28890.0	183963.0	2235.0	1963268.0	1542963.0	1457250.0
1480675	2157.0	28890.0	183963.0	1644055.0	1963271.0	1075397.0	1480675.0
1483572	2157.0	28889.0	183924.0	2266.0	114378.0	2268.0	1483572.0
1483596	2157.0	28890.0	224756.0	94695.0	2206.0	2207.0	1483596.0
1483597	2157.0	28890.0	224756.0	94695.0	2206.0	2207.0	1483597.0
1483598	2157.0	28890.0	224756.0	94695.0	2206.0	2207.0	1483598.0
1483599	2157.0	28890.0	224756.0	94695.0	2206.0	2207.0	1483599.0
1483600	2157.0	28890.0	224756.0	94695.0	2206.0	2207.0	1483600.0
1483601	2157.0	28890.0	224756.0	94695.0	2206.0	2207.0	1483601.0
1483602	2157.0	28890.0	224756.0	94695.0	2206.0	2207.0	1483602.0
1495067	2157.0	28890.0	183963.0	1644060.0	1644061.0	353799.0	1495067.0
1495144	2157.0	28890.0	183967.0				1495144.0
1495314	2157.0	28890.0	224756.0	2191.0	2194.0	45989.0	1495314.0
1495336	2157.0	28890.0	183925.0	2158.0	2159.0	2160.0	1495336.0
1498500	2157.0	28890.0	183963.0	1644055.0	1963271.0	56688.0	1498500.0
1505907	2157.0	28890.0	183968.0	2258.0	2259.0	2263.0	1505907.0
1508454	2157.0	28890.0	183963.0	1644055.0	1644056.0	2251.0	1508454.0
1514971	2157.0	28890.0	183963.0	1644055.0	1644056.0	1911573.0	1514971.0
1526048	2157.0	28890.0	183963.0	1644055.0	1644056.0	2251.0	1526048.0
1544718	2157.0	28890.0	183963.0	1644055.0	1644056.0	2251.0	1544718.0
1544719	2157.0	28890.0	183963.0	1644055.0	1644056.0	2251.0	1544719.0
1550241	2157.0	28889.0	183924.0	2266.0	114378.0	2268.0	1550241.0
1550566	2157.0	28890.0	224756.0	2191.0	2194.0	45989.0	1550566.0
1561964	2157.0	28890.0	183925.0	2158.0	2159.0	2316.0	1561964.0
1577791	2157.0	28890.0	183967.0	1235850.0	1577788.0	1607807.0	1577791.0
1580092	2157.0	651137.0		31932.0	338190.0	338191.0	1580092.0
1591054	2157.0	28890.0	183968.0	2258.0	2259.0	2263.0	1591054.0
1592728	2157.0	28890.0	183963.0	2235.0	1963268.0	2237.0	1592728.0
1603555	2157.0	651137.0				1825023.0	1603555.0
1604004	2157.0	28890.0	183963.0	2235.0	2236.0	1656823.0	1604004.0
1609559	2157.0	28890.0	183968.0	2258.0	2259.0	2260.0	1609559.0
1609968	2157.0	28890.0	183925.0	2158.0	2159.0	2172.0	1609968.0
1622207	2157.0	28890.0	183963.0	2235.0	1963268.0	2237.0	1622207.0
1650354	2157.0	28889.0	183924.0	2266.0	2267.0	76886.0	1650354.0
1674923	2157.0	28890.0	183968.0	2258.0	2259.0	2263.0	1674923.0
1679489	2157.0	28890.0	183963.0	2235.0	2236.0	367188.0	1679489.0
1705562	2157.0	28890.0	183963.0	2235.0	1963268.0	2237.0	1705562.0
1708091	2157.0	28890.0	183963.0	1644055.0	1963271.0	1820337.0	1678448.0
1712654	2157.0	28890.0	183968.0	2258.0	2259.0	2263.0	1712654.0
1715806	2157.0	28890.0	224756.0	94695.0	2206.0	2207.0	1715806.0
1758255	2157.0	28890.0	183963.0	1644055.0	1963271.0	56688.0	1758255.0
1765055	2157.0	28890.0	183963.0	2235.0	1963268.0	2237.0	1765055.0
1765056	2157.0	28890.0	183963.0	2235.0	1963268.0	2237.0	1765056.0
1765057	2157.0	28890.0	183963.0	2235.0	2236.0	2239.0	1765057.0
1765655	2157.0	28890.0	183963.0	1644055.0	1963271.0	56688.0	1765655.0
1769296	2157.0	28890.0	183967.0	1235850.0	2517203.0	1291539.0	1769296.0
1776294	2157.0	651137.0		31932.0	338190.0	338191.0	1776294.0
1860098	2157.0	28890.0	224756.0	94695.0	2206.0	2207.0	1860098.0
1860099	2157.0	28890.0	183925.0	2158.0	2159.0	2172.0	1860099.0
1860100	2157.0	28890.0	183925.0	2158.0	2159.0	2160.0	1860100.0
1860156	2157.0	28890.0	183925.0	2158.0	2159.0	2172.0	1860156.0
1860157	2157.0	28890.0	183925.0	2158.0	2159.0	2316.0	1860157.0
1869245	2157.0	28890.0	183963.0	1644060.0	1644061.0	63742.0	1869245.0
1873524	2157.0	28890.0	183963.0	2235.0	2236.0	1980514.0	1873524.0
1891280	2157.0	28889.0	183924.0	2281.0	118883.0	2284.0	1891280.0
1897478	2157.0	28890.0	183963.0	2235.0	2236.0	367188.0	1897478.0
1906246	2157.0	28890.0	183963.0	2235.0	1963268.0	63743.0	1906246.0
1932360	2157.0	28890.0	183963.0	2235.0	1963268.0	1073987.0	1932360.0
