	superkingdom	phylum	subphylum	class	order	suborder	family	subfamily	genus	subgenus	species
10298	10239.0				548681.0		10292.0	10293.0	10294.0		10298.0
10326	10239.0				548681.0		10292.0	10293.0	10319.0		10326.0
10335	10239.0				548681.0		10292.0	10293.0	10319.0		10335.0
10353	10239.0				548681.0		10292.0	10293.0	10294.0		10353.0
10359	10239.0				548681.0		10292.0	10357.0	10358.0		10359.0
10366	10239.0				548681.0		10292.0	10357.0	10365.0		10366.0
10372	10239.0				548681.0		10292.0	10357.0	40272.0		10372.0
10376	10239.0				548681.0		10292.0	10374.0	10375.0		10376.0
10390	10239.0				548681.0		10292.0	10293.0	180252.0		10390.0
10398	10239.0				548681.0		10292.0	10374.0	548687.0		10398.0
10455	10239.0						10442.0		558016.0		10455.0
10677	10239.0				28883.0		10662.0		186777.0		10677.0
10678	10239.0				28883.0		10662.0		186789.0		10678.0
10679	10239.0				28883.0		10662.0	857479.0	140410.0		10679.0
10680	10239.0				28883.0						10680.0
10690	10239.0				28883.0		10662.0	857479.0	1196844.0		10690.0
10693	10239.0				28883.0		10662.0	1198136.0	10663.0		10693.0
10708	10239.0				28883.0		10699.0		1623286.0		10708.0
10713	10239.0				28883.0		10699.0				10713.0
10726	10239.0				28883.0		10699.0		187218.0		10726.0
10742	10239.0				28883.0		10699.0		2169654.0		10742.0
10754	10239.0				28883.0		10744.0		186794.0		10754.0
10756	10239.0				28883.0		10744.0	542836.0	186846.0		10756.0
10759	10239.0				28883.0		10744.0	542835.0	110456.0		10759.0
10760	10239.0				28883.0		10744.0	542835.0	110456.0		1985738.0
10761	10239.0				28883.0		10744.0		186794.0		10761.0
10845	10239.0						10841.0	1910950.0	1910951.0		1985284.0
10848	10239.0						10841.0	1910950.0	1910951.0		10848.0
10871	10239.0						10860.0				2011081.0
11008	10239.0						11006.0		11007.0		11008.0
11137	10239.0				76804.0	2499399.0	11118.0	2501931.0	693996.0	2509480.0	11137.0
11292	10239.0	2497569.0	2497570.0	2497574.0	11157.0		11270.0		11286.0		11292.0
11552	10239.0	2497569.0	2497571.0	2497577.0	2499411.0		11308.0		197913.0		11552.0
11676	10239.0				2169561.0		11632.0	327045.0	11646.0		11676.0
11757	10239.0				2169561.0		11632.0	327045.0	140052.0		11757.0
11786	10239.0				2169561.0		11632.0	327045.0	153135.0		11786.0
11788	10239.0				2169561.0		11632.0	327045.0	153135.0		11788.0
11809	10239.0				2169561.0		11632.0	327045.0	153135.0		11809.0
11819	10239.0				2169561.0		11632.0	327045.0	153135.0		11819.0
11830	10239.0				2169561.0		11632.0	327045.0	153135.0		11830.0
11834	10239.0				2169561.0		11632.0	327045.0	153135.0		11834.0
11855	10239.0				2169561.0		11632.0	327045.0	140052.0		11855.0
11986	10239.0						39738.0		1911599.0		11986.0
12167	10239.0				675063.0		675068.0	1914297.0	12163.0		12167.0
12169	10239.0				675063.0		675068.0	1914297.0	12163.0		12169.0
12172	10239.0				675063.0		675068.0	1914297.0	12163.0		12172.0
12177	10239.0				675063.0		675064.0		12176.0		12177.0
12188	10239.0				675063.0		675064.0		12176.0		12188.0
12205	10239.0						39729.0		12195.0		12205.0
12209	10239.0						39729.0		12195.0		12209.0
12216	10239.0						39729.0		12195.0		12216.0
12222	10239.0						39729.0		12195.0		12222.0
12227	10239.0						39729.0		12195.0		12227.0
12232	10239.0						39729.0		12195.0		12232.0
12239	10239.0						675071.0		12234.0		12239.0
12241	10239.0						675071.0		12234.0		12241.0
12242	10239.0						675071.0		12234.0		12242.0
12253	10239.0						675071.0		12234.0		12253.0
12263	10239.0				464095.0		675072.0	675075.0	12258.0		12263.0
12282	10239.0				464095.0		675072.0	675075.0	12270.0		12282.0
12302	10239.0						39740.0		12300.0		12302.0
12303	10239.0						39740.0		12300.0		12303.0
12305	10239.0						39740.0		12304.0		12305.0
12313	10239.0						39740.0		12304.0		12313.0
12321	10239.0						39740.0		12320.0		12321.0
12360	10239.0				28883.0		10699.0		1623298.0		12360.0
12390	10239.0				28883.0		10699.0				12390.0
12402	10239.0				28883.0		10662.0				12402.0
12407	10239.0				28883.0		10662.0	857479.0	140410.0		12407.0
12417	10239.0				28883.0		10699.0				12417.0
12433	10239.0				675063.0		675064.0		140568.0		12433.0
12451	10239.0								39760.0		12451.0
12657	10239.0				548681.0		10292.0	10374.0	548688.0		12657.0
29252	10239.0				28883.0		10662.0	857479.0	140410.0		29252.0
31532	10239.0				28883.0		10699.0		1623305.0		31532.0
31533	10239.0				28883.0		10662.0	1198136.0	10663.0		1914203.0
31535	10239.0				28883.0		10699.0		1623287.0		31535.0
31537	10239.0				28883.0		10699.0		186532.0		31537.0
31713	10239.0						69973.0		67753.0		31713.0
31754	10239.0				28883.0		10699.0				31754.0
32603	10239.0				548681.0		10292.0	10357.0	40272.0		32603.0
32604	10239.0				548681.0		10292.0	10357.0	40272.0		32604.0
35241	10239.0				28883.0		10699.0				35241.0
35250	10239.0				548681.0		10292.0	10293.0	180252.0		35250.0
35269	10239.0						10404.0		10405.0		35269.0
35281	10239.0						675071.0		12234.0		35281.0
35343	10239.0				28883.0		10662.0	857479.0	140410.0		35343.0
35344	10239.0				28883.0		10699.0				35344.0
35345	10239.0				28883.0		10699.0				35345.0
36343	10239.0				28883.0		10699.0		186532.0		36343.0
37105	10239.0				28883.0		10699.0				37105.0
37296	10239.0				548681.0		10292.0	10374.0	10379.0		37296.0
37554	10239.0				28883.0		10699.0		2169654.0		37554.0
39103	10239.0				28883.0		10699.0				39103.0
40631	10239.0				28883.0		10699.0		308911.0		40631.0
43685	10239.0				28883.0		10699.0				43685.0
45406	10239.0				28883.0		10662.0	1198136.0	10663.0		45406.0
45455	10239.0				548681.0		10292.0	10374.0	10375.0		45455.0
45617	10239.0				2169561.0		11632.0				45617.0
47049	10239.0				28883.0		10744.0	542835.0	110456.0		1985739.0
50948	10239.0				28883.0		10662.0	1198136.0	1913651.0		1985354.0
51330	10239.0						69973.0		67753.0		51330.0
51677	10239.0						10442.0		558017.0		51677.0
52979	10239.0				28883.0		10699.0				52979.0
53369	10239.0				28883.0		10699.0		1623298.0		53369.0
55884	10239.0				28883.0		10662.0				55884.0
59241	10239.0				28883.0		10699.0				59241.0
59506	10239.0				28883.0		10699.0		1623298.0		59506.0
63118	10239.0				28883.0		10699.0		1623305.0		63118.0
64186	10239.0				28883.0		10699.0		1623304.0		64186.0
66284	10239.0				28883.0		10662.0				66284.0
67082	10239.0						10240.0	10241.0			67082.0
67571	10239.0				28883.0		10744.0				67571.0
68887	10239.0						687329.0				68887.0
69609	10239.0				28883.0		10662.0	1198136.0	10663.0		69609.0
71366	10239.0				28883.0		10699.0		1623274.0		71366.0
72197	10239.0						10780.0	40119.0	40121.0		72197.0
72638	10239.0				28883.0		10699.0		1623304.0		72638.0
73422	10239.0				28883.0		10699.0		1623303.0		73422.0
77775	10239.0				28883.0		10662.0	1985285.0	1198140.0		1985310.0
78541	10239.0				28883.0		10699.0		1623303.0		78541.0
83129	10239.0				28883.0		10699.0		1623305.0		83129.0
85154	10239.0				28883.0		10699.0		1623303.0		85154.0
85454	10239.0				675063.0		675064.0		12176.0		85454.0
90410	10239.0				28883.0		10699.0		1623304.0		90410.0
93465	10239.0				2169561.0		11632.0				93465.0
93678	10239.0						687329.0		687332.0		93678.0
99179	10239.0				28883.0		10699.0				99179.0
99182	10239.0				2169561.0		11632.0	327045.0	153135.0		99182.0
101570	10239.0				28883.0		10699.0				101570.0
103216	10239.0				28883.0		10662.0	857479.0	140410.0		103216.0
103807	10239.0				28883.0		10662.0				103807.0
106284	10239.0				28883.0		10699.0		1623298.0		106284.0
107324	10239.0				2169561.0		186534.0		1232640.0		107324.0
112023	10239.0				28883.0		10699.0		1623304.0		112023.0
112227	10239.0				675063.0		675064.0		12176.0		112227.0
112229	10239.0				675063.0		675064.0		12176.0		112229.0
113370	10239.0						43682.0		43680.0		113370.0
114416	10239.0				28883.0		10699.0				114416.0
115987	10239.0				28883.0		10662.0		1921527.0		115987.0
115991	10239.0				28883.0		10662.0	1198136.0	1985328.0		115991.0
119910	10239.0						2169577.0		12137.0		119910.0
120574	10239.0				28883.0		10699.0				120574.0
129009	10239.0				28883.0		10699.0		1623274.0		129009.0
129862	10239.0										129862.0
129951	10239.0						10508.0		10509.0		129951.0
130308	10239.0						10508.0		10509.0		130308.0
130309	10239.0						10508.0		10509.0		130309.0
130310	10239.0						10508.0		10509.0		130310.0
130478	10239.0				28883.0		10699.0		1623273.0		130478.0
139871	10239.0				28883.0		10662.0				139871.0
139872	10239.0				28883.0		10699.0				139872.0
146269	10239.0				28883.0		10699.0				146269.0
146500	10239.0						39729.0		12195.0		146500.0
151534	10239.0				28883.0		10699.0				151534.0
151535	10239.0				28883.0		10699.0				151535.0
151536	10239.0				28883.0		10699.0				151536.0
151537	10239.0				28883.0		10699.0				151537.0
151538	10239.0				28883.0		10699.0				151538.0
151539	10239.0				28883.0		10699.0				151539.0
151599	10239.0				28883.0		10699.0				151599.0
155148	10239.0				28883.0		10744.0		186794.0		155148.0
157239	10239.0				28883.0		10662.0	857479.0	1196844.0		157239.0
157924	10239.0				28883.0		10699.0				157924.0
159150	10239.0	2497569.0	2497571.0	2497576.0	1980410.0		1980416.0		11572.0		159150.0
169683	10239.0				28883.0		10662.0		680115.0		169683.0
173443	10239.0				28883.0		10744.0		186794.0		173443.0
175950	10239.0				28883.0		10662.0				175950.0
176652	10239.0						10486.0	2017757.0	10487.0		176652.0
180230	10239.0				548681.0		548682.0		692606.0		180230.0
180504	10239.0				28883.0		10699.0		1623297.0		180504.0
186152	10239.0				28883.0		10699.0		1623273.0		186152.0
186153	10239.0				28883.0		10699.0		1623274.0		186153.0
186772	10239.0						186766.0		186767.0		186772.0
187764	10239.0				28883.0		10744.0	542835.0	542837.0		187764.0
188763	10239.0				548681.0		10292.0	10357.0	10358.0		188763.0
194699	10239.0				28883.0		10744.0		542959.0		194699.0
194701	10239.0				28883.0		10662.0	857479.0	140410.0		194701.0
196242	10239.0				28883.0		10699.0				196242.0
196403	10239.0				2169561.0		11632.0	327045.0	153135.0		196403.0
197310	10239.0				28883.0		10662.0	1198136.0	10663.0		1914209.0
198110	10239.0				28883.0		10662.0		680115.0		198110.0
198112	10239.0				464095.0		699189.0		232799.0		198112.0
198539	10239.0				28883.0		10699.0				198539.0
198540	10239.0				28883.0		10699.0				198540.0
198542	10239.0				28883.0						198542.0
198543	10239.0				28883.0		10699.0				198543.0
205870	10239.0				28883.0		10699.0		186764.0		205870.0
205872	10239.0				28883.0		10699.0	2169597.0	1623282.0		205872.0
205879	10239.0				28883.0		10699.0		1623292.0		205879.0
209529	10239.0				464095.0		232795.0		144051.0		209529.0
213769	10239.0				28883.0		10699.0		1623305.0		213769.0
213775	10239.0				28883.0		10699.0		1623305.0		213775.0
215167	10239.0				28883.0		10699.0		1623273.0		215167.0
221029	10239.0				28883.0		10744.0		186794.0		221029.0
221915	10239.0				28883.0		10662.0	857473.0	1857843.0		221915.0
225979	10239.0				28883.0		10699.0				225979.0
227720	10239.0				28883.0		10744.0	542835.0	110456.0		227720.0
227940	10239.0				28883.0		10662.0	857479.0	140410.0		227940.0
233894	10239.0				28883.0		10662.0		1921527.0		233894.0
238854	10239.0				28883.0		10662.0	1198136.0			238854.0
242527	10239.0				28883.0		10744.0		1720323.0		242527.0
243560	10239.0						39729.0		12195.0		243560.0
244310	10239.0				28883.0		10662.0		1198138.0		244310.0
247080	10239.0						10860.0				247080.0
255431	10239.0				28883.0		10699.0				255431.0
259901	10239.0				28883.0		10699.0		1623274.0		259901.0
260149	10239.0				28883.0		10662.0	1198136.0			260149.0
268746	10239.0				28883.0		10662.0	1198136.0			268746.0
273133	10239.0				28883.0		10662.0		1984786.0		1984787.0
277944	10239.0				76804.0	2499399.0	11118.0	2501931.0	693996.0	2509512.0	277944.0
279006	10239.0				28883.0		10662.0	1198136.0			279006.0
279303	10239.0				28883.0		10699.0				279303.0
280701	10239.0				28883.0		10744.0		1720324.0		280701.0
287412	10239.0				28883.0		10699.0		1623305.0		287412.0
292029	10239.0				28883.0		10662.0	857473.0	1857843.0		292029.0
293644	10239.0				28883.0		10699.0	1910976.0	1910991.0		2005701.0
298334	10239.0						10508.0		10509.0		298334.0
298338	10239.0				28883.0		10662.0	857473.0			298338.0
306323	10239.0				28883.0		10699.0		1623303.0		306323.0
307456	10239.0						10442.0		558016.0		307456.0
307898	10239.0				28883.0		10662.0	857473.0	1857843.0		307898.0
317858	10239.0				548681.0		548682.0		692606.0		317858.0
317878	10239.0				548681.0		548682.0		692606.0		317878.0
320122	10239.0				28883.0		10662.0		1912144.0		320122.0
320831	10239.0										320831.0
320834	10239.0				28883.0		10699.0		1623298.0		320834.0
320835	10239.0				28883.0		10699.0		1623298.0		320835.0
320836	10239.0				28883.0		10699.0		1623274.0		320836.0
320837	10239.0				28883.0		10699.0		1623273.0		320837.0
320839	10239.0				28883.0		10699.0		1623273.0		320839.0
320842	10239.0				28883.0		10699.0		1623298.0		320842.0
320843	10239.0				28883.0		10699.0		1623298.0		320843.0
320844	10239.0				28883.0		10699.0		1623298.0		320844.0
320845	10239.0				28883.0		10699.0		1623298.0		320845.0
320846	10239.0				28883.0		10699.0		1623298.0		320846.0
320847	10239.0				28883.0		10699.0		1623298.0		320847.0
320848	10239.0				28883.0		10699.0		1623298.0		320848.0
320849	10239.0				28883.0		10699.0		1623298.0		320849.0
320850	10239.0				28883.0		10699.0		1623298.0		320850.0
321023	10239.0				28883.0		10662.0		1921527.0		321023.0
326036	10239.0				28883.0		10699.0		1623298.0		326036.0
326037	10239.0				28883.0		10699.0		1623298.0		326037.0
327387	10239.0						675071.0		12234.0		327387.0
329381	10239.0				28883.0		10662.0	1198136.0	1985328.0		329381.0
329864	10239.0				28883.0		10744.0		186794.0		329864.0
333754	10239.0						151340.0	2169595.0	333750.0		333754.0
333926	10239.0						151340.0	2169595.0	325455.0		333926.0
334207	10239.0						151340.0	2169595.0	333922.0		334207.0
337039	10239.0						151340.0	2169595.0	333750.0		337039.0
337041	10239.0						151340.0	2169595.0	333750.0		337041.0
337043	10239.0						151340.0	2169595.0	333750.0		337043.0
337051	10239.0						151340.0	2169595.0	333922.0		337051.0
338473	10239.0				28883.0		10744.0	542836.0			338473.0
340054	10239.0				28883.0		10744.0				340054.0
344021	10239.0				28883.0		10744.0	542835.0	110456.0		344021.0
344022	10239.0				28883.0		10744.0	542835.0	542837.0		344022.0
345195	10239.0						10486.0	2017757.0	10487.0		345195.0
345198	10239.0						10486.0	2017757.0	10487.0		345198.0
345199	10239.0						10486.0	2017757.0	10487.0		345199.0
345585	10239.0						10486.0	2017757.0	10487.0		345585.0
345922	10239.0				28883.0		10699.0		1623308.0		345922.0
347324	10239.0				28883.0		10699.0				347324.0
347328	10239.0				28883.0		10699.0		1299429.0		347328.0
347329	10239.0				28883.0		10662.0		1198980.0		2006175.0
347962	10239.0				28883.0		10699.0		1623308.0		347962.0
348058	10239.0				28883.0		10744.0		186794.0		348058.0
348137	10239.0				28883.0		10699.0				348137.0
348604	10239.0				28883.0		10662.0	1198136.0	10663.0		348604.0
354260	10239.0				28883.0		10699.0				354260.0
354328	10239.0						564644.0		2003394.0		354328.0
359919	10239.0						10442.0		558017.0		359919.0
359961	10239.0				28883.0		10699.0		1623308.0		359961.0
360398	10239.0				28883.0		10699.0		1623274.0		360398.0
362693	10239.0						564644.0		2003394.0		362693.0
364745	10239.0						10442.0		558017.0		364745.0
365048	10239.0				28883.0		10662.0		2169625.0		2170221.0
368735	10239.0						675071.0		12234.0		368735.0
369960	10239.0				2169561.0		11632.0	327045.0	153135.0		369960.0
374810	10239.0				28883.0		10744.0	1981156.0	1981157.0		374810.0
374840	10239.0						10841.0	1910950.0	1910954.0		374840.0
374844	10239.0						10841.0	1910950.0	1910952.0		1986034.0
379329	10239.0				28883.0		10744.0	1981156.0	1981157.0		379329.0
379501	10239.0				28883.0		10699.0		1623298.0		379501.0
381899	10239.0						10501.0		181083.0		381899.0
386793	10239.0				28883.0		10744.0	542835.0	477967.0		1985731.0
387905	10239.0				28883.0		10699.0		1623298.0		387905.0
387908	10239.0				28883.0		10699.0		1623298.0		387908.0
387909	10239.0				28883.0		10699.0		1623274.0		387909.0
387910	10239.0				28883.0		10699.0		1623298.0		387910.0
389469	10239.0				28883.0		10699.0		1623286.0		389469.0
393049	10239.0						687329.0				393049.0
393598	10239.0				28883.0		10662.0	857479.0	1196844.0		393598.0
394036	10239.0						39729.0		12195.0		394036.0
396034	10239.0				28883.0		10662.0		2169625.0		396034.0
397353	10239.0				28883.0		10699.0		1623286.0		397353.0
398839	10239.0				28883.0		10699.0		1623298.0		398839.0
399185	10239.0				28883.0		10699.0		1623298.0		399185.0
403905	10239.0				28883.0		10699.0				403905.0
405947	10239.0				28883.0		10699.0		1623298.0		405947.0
406340	10239.0				28883.0		10662.0	857479.0	140410.0		406340.0
413066	10239.0				28883.0		10699.0				413066.0
413258	10239.0						10508.0		10509.0		413258.0
414970	10239.0				28883.0		10699.0				414970.0
424716	10239.0				28883.0		10699.0		1982370.0		424716.0
424944	10239.0				28883.0		10699.0	1910976.0	1910991.0		2005700.0
424947	10239.0				28883.0		10699.0	1910976.0	1910991.0		2005692.0
424949	10239.0				28883.0		10699.0	1910976.0	1910991.0		2005694.0
425279	10239.0						675071.0		12234.0		425279.0
430796	10239.0				28883.0		10699.0		1623273.0		430796.0
432198	10239.0				28883.0		10699.0		2169654.0		2169920.0
432200	10239.0				28883.0		10699.0		2169654.0		2169922.0
432201	10239.0				28883.0		10699.0		2169654.0		2169923.0
442493	10239.0				28883.0		10662.0	857473.0			2058935.0
444860	10239.0				28883.0		10662.0				444860.0
444861	10239.0				28883.0		10662.0	1198136.0			444861.0
444862	10239.0				28883.0		10662.0				444862.0
445515	10239.0				28883.0		10699.0		1623274.0		445515.0
445516	10239.0				28883.0		10699.0		1623273.0		445516.0
445517	10239.0				28883.0		10699.0		1623274.0		445517.0
445684	10239.0				28883.0		10662.0				445684.0
445696	10239.0				28883.0		10662.0				445696.0
445700	10239.0				28883.0		10662.0				445700.0
447909	10239.0				28883.0		10699.0				447909.0
448384	10239.0				28883.0		10662.0	1198136.0	1913651.0		1985353.0
451705	10239.0				28883.0		10662.0				451705.0
454798	10239.0				28883.0		2169529.0	2169531.0	2169536.0		1987157.0
459845	10239.0				28883.0		10699.0		1623303.0		459845.0
462590	10239.0				28883.0		10699.0		1299429.0		462590.0
485724	10239.0	2497569.0	2497571.0	2497576.0	1980410.0		1980416.0		11611.0		485724.0
487152	10239.0				28883.0		10699.0		1623298.0		487152.0
489828	10239.0						10841.0	1910950.0	1910951.0		489828.0
489829	10239.0						10841.0	1910950.0	1910952.0		1986034.0
489830	10239.0						10442.0		558017.0		489830.0
490913	10239.0				28883.0		10744.0				490913.0
491003	10239.0				28883.0		10699.0		187218.0		491003.0
493803	10239.0						151341.0		1891713.0		1891726.0
494269	10239.0				28883.0		10699.0		1623305.0		494269.0
496874	10239.0				28883.0		10699.0				496874.0
504346	10239.0				28883.0		10699.0				504346.0
505291	10239.0				28883.0		10699.0		1623286.0		505291.0
505292	10239.0				28883.0		10699.0		1623286.0		505292.0
529929	10239.0				28883.0		10744.0	542835.0	110456.0		529929.0
532074	10239.0				28883.0		10744.0	542835.0	110456.0		532074.0
532075	10239.0				28883.0		10744.0	542835.0	110456.0		532075.0
532076	10239.0				28883.0		10744.0	542835.0	110456.0		532076.0
536079	10239.0						10508.0		10509.0		536079.0
536444	10239.0				28883.0		10662.0				536444.0
537874	10239.0				28883.0		10699.0				537874.0
538398	10239.0				28883.0		10662.0		1198980.0		2006179.0
546805	10239.0				28883.0		10662.0				546805.0
549445	10239.0				28883.0		10662.0		1198980.0		2006177.0
549446	10239.0				28883.0		10662.0		1198980.0		2006178.0
551895	10239.0				28883.0		10662.0		1980938.0		551895.0
557289	10239.0				28883.0		10662.0				557289.0
561996	10239.0				28883.0		10699.0	2169597.0	2169611.0		561996.0
563769	10239.0				28883.0		10699.0				563769.0
564886	10239.0				28883.0		10699.0				564886.0
573591	10239.0				28883.0		10699.0				573591.0
575610	10239.0				28883.0		10699.0		1623273.0		575610.0
578234	10239.0				28883.0		10699.0				578234.0
581037	10239.0				28883.0		10662.0		1198980.0		2006174.0
582382	10239.0				28883.0		10662.0		1198980.0		2006180.0
590739	10239.0				28883.0		10744.0		186794.0		590739.0
590745	10239.0				2169561.0		11632.0	327045.0	153135.0		590745.0
631345	10239.0						2022639.0		2022640.0		631345.0
632112	10239.0				28883.0		10662.0	857473.0			632112.0
633135	10239.0				28883.0		10699.0		1623304.0		633135.0
637730	10239.0				28883.0		2169529.0	2169530.0	2169532.0		1987994.0
641487	10239.0				28883.0		10699.0				641487.0
644007	10239.0				28883.0		10699.0				644007.0
644524	10239.0				28883.0		10744.0		1720323.0		644524.0
646413	10239.0				28883.0		10699.0				646413.0
648017	10239.0				28883.0		10699.0		1623274.0		648017.0
663241	10239.0				28883.0		10699.0				663241.0
665033	10239.0				28883.0		10662.0		186777.0		665033.0
665883	10239.0				28883.0		10699.0		1623305.0		665883.0
665884	10239.0				28883.0		10699.0		1623305.0		665884.0
668618	10239.0				28883.0		10699.0		1623274.0		668618.0
669008	10239.0				28883.0		10744.0	542835.0	110456.0		669008.0
673839	10239.0				28883.0		10699.0				673839.0
682370	10239.0				28883.0		10699.0		1623303.0		682370.0
683172	10239.0						39733.0				683172.0
683735	10239.0				28883.0		10662.0				683735.0
687340	10239.0						687329.0		687331.0		687340.0
687341	10239.0						687329.0		687331.0		687341.0
687342	10239.0						687329.0		687331.0		687342.0
687343	10239.0						687329.0		687331.0		687343.0
687345	10239.0						687329.0		687331.0		687345.0
687346	10239.0						687329.0		687331.0		687346.0
687347	10239.0						687329.0		687331.0		687347.0
687349	10239.0						687329.0		687331.0		687349.0
687351	10239.0						687329.0		687331.0		687351.0
687353	10239.0						687329.0		687331.0		687353.0
687354	10239.0						687329.0		687331.0		687354.0
687355	10239.0						687329.0		687331.0		687355.0
687358	10239.0						687329.0		687331.0		687358.0
687365	10239.0						687329.0		687331.0		687365.0
687366	10239.0						687329.0		687331.0		687366.0
687367	10239.0						687329.0		687331.0		687367.0
687370	10239.0						687329.0		687332.0		687370.0
687371	10239.0						687329.0		687332.0		687371.0
687374	10239.0						687329.0		687332.0		687374.0
687379	10239.0						687329.0		687333.0		687379.0
687380	10239.0						687329.0		687333.0		687380.0
687800	10239.0				28883.0		10662.0				687800.0
693582	10239.0				28883.0		10744.0	542835.0	477967.0		693582.0
694060	10239.0				28883.0		10662.0	1985285.0	1198140.0		694060.0
699370	10239.0				28883.0		10662.0				699370.0
707757	10239.0				28883.0		10662.0	1198136.0	1985328.0		1985337.0
711470	10239.0				28883.0		10699.0		186764.0		2003504.0
714583	10239.0				28883.0		10744.0		186794.0		714583.0
722755	10239.0						39740.0		12316.0		722755.0
745088	10239.0				28883.0		10699.0	2169599.0	2169622.0		2170246.0
746830	10239.0						151341.0		1891715.0		746830.0
746831	10239.0						151341.0		1891715.0		746831.0
749413	10239.0										749413.0
749447	10239.0				28883.0		10662.0		1198980.0		2006171.0
754038	10239.0				28883.0		10662.0				754038.0
754039	10239.0				28883.0		10662.0				754039.0
754042	10239.0				28883.0		10699.0				754042.0
754051	10239.0				28883.0		10699.0		1982370.0		754051.0
754059	10239.0				28883.0		10744.0	542835.0			754059.0
760732	10239.0				28883.0		10662.0	1198136.0			760732.0
764561	10239.0				28883.0		10699.0				764561.0
764562	10239.0				28883.0		10699.0				764562.0
857312	10239.0				28883.0		10662.0	857473.0			857312.0
867696	10239.0				28883.0		2169529.0	2169531.0	1298971.0		1987993.0
872294	10239.0				28883.0		10699.0		1623298.0		872294.0
874267	10239.0				28883.0		10699.0		1623274.0		874267.0
876449	10239.0				28883.0		10744.0		186794.0		876449.0
881915	10239.0				28883.0		10744.0	542835.0	477967.0		1985729.0
889956	10239.0				28883.0		10662.0				889956.0
906668	10239.0				28883.0		10699.0		2169654.0		2169925.0
906669	10239.0				28883.0		10699.0				906669.0
908819	10239.0				28883.0		10662.0				908819.0
909210	10239.0						10508.0		10509.0		1986019.0
925984	10239.0				28883.0		10662.0				925984.0
926067	10239.0				28883.0		10662.0	1198136.0			926067.0
929814	10239.0				28883.0		10662.0	857479.0	140410.0		929814.0
929833	10239.0				28883.0		10662.0				929833.0
930881	10239.0						39729.0		12195.0		930881.0
936054	10239.0				28883.0		10744.0	1981156.0	1981159.0		936054.0
937835	10239.0				28883.0		10699.0		1623286.0		937835.0
938131	10239.0				28883.0		10699.0		1623281.0		1993860.0
947843	10239.0				28883.0		10662.0	857479.0	140410.0		947843.0
947981	10239.0				28883.0		10699.0				947981.0
948870	10239.0				28883.0		10662.0				948870.0
977801	10239.0				28883.0		10744.0	542836.0			977801.0
977927	10239.0				28883.0		10699.0		187218.0		977927.0
979726	10239.0				28883.0		10744.0	542835.0	542837.0		979726.0
981330	10239.0				28883.0		10699.0				981330.0
984186	10239.0				28883.0		10662.0				984186.0
985782	10239.0						549779.0				985782.0
994672	10239.0						10508.0		10509.0		1986022.0
1005056	10239.0				28883.0		10699.0		1623283.0		1005056.0
1007127	10239.0				28883.0		10662.0	857473.0	1857843.0		1007127.0
1007869	10239.0				28883.0		10662.0				1007869.0
1026955	10239.0				28883.0		10662.0				1026955.0
1051631	10239.0				28883.0		10699.0		1623304.0		1051631.0
1051676	10239.0				28883.0		10662.0				1051676.0
1054480	10239.0				28883.0		10662.0	1198136.0	10663.0		1054480.0
1071503	10239.0				28883.0		10699.0		186764.0		1993867.0
1074044	10239.0						10860.0				1074044.0
1076630	10239.0				28883.0		10699.0		186764.0		1076630.0
1079999	10239.0				28883.0		10662.0	1198136.0			1079999.0
1080237	10239.0				28883.0		10699.0				1080237.0
1090133	10239.0				28883.0		10744.0		186794.0		1090133.0
1091052	10239.0				28883.0		2169529.0	2169530.0	2169534.0		1091052.0
1091556	10239.0				28883.0		10699.0		1623286.0		1091556.0
1100043	10239.0										1100043.0
1105171	10239.0				28883.0		10699.0				1105171.0
1112008	10239.0				28883.0		10699.0		187218.0		1112008.0
1115478	10239.0				28883.0		10699.0	1910976.0	1910991.0		2005699.0
1124654	10239.0				28883.0		10744.0		542960.0		1124654.0
1127357	10239.0				28883.0		10744.0		186794.0		1127357.0
1127514	10239.0				28883.0		10662.0				1127514.0
1129145	10239.0				28883.0		10699.0				1129145.0
1129146	10239.0				28883.0		10699.0		1623287.0		1129146.0
1129147	10239.0				28883.0		10662.0	1198136.0	1985328.0		1985338.0
1129194	10239.0				28883.0		10662.0				1129194.0
1131316	10239.0										1131316.0
1136535	10239.0				28883.0		10744.0		1720323.0		1136535.0
1141136	10239.0				28883.0		10662.0				1141136.0
1141138	10239.0				28883.0		10662.0	1198136.0	1985328.0		1141138.0
1141139	10239.0				28883.0		10744.0	542835.0	542837.0		1141139.0
1141519	10239.0				28883.0		10744.0	542835.0			1141519.0
1141625	10239.0						39733.0				1141625.0
1147042	10239.0				28883.0		10699.0		1623298.0		1147042.0
1147043	10239.0				28883.0		10699.0				1147043.0
1147044	10239.0				28883.0		10699.0		1623298.0		1147044.0
1147140	10239.0				28883.0		10699.0				1147140.0
1147143	10239.0				28883.0		10699.0		2169654.0		1147143.0
1147144	10239.0				28883.0		10699.0				1147144.0
1147145	10239.0				28883.0		10699.0		2169654.0		2169921.0
1147146	10239.0				28883.0		10699.0		186765.0		2169969.0
1147147	10239.0				28883.0		10699.0		2169654.0		2169924.0
1147148	10239.0				28883.0		10699.0		186765.0		2169968.0
1147149	10239.0				28883.0		10699.0				1147149.0
1147150	10239.0				28883.0		10699.0		2169654.0		1147150.0
1147151	10239.0				28883.0		10699.0				1147151.0
1147152	10239.0				28883.0		10699.0				1147152.0
1147153	10239.0				28883.0		10699.0		2169654.0		2169927.0
1147154	10239.0				28883.0		10699.0		2169654.0		2169928.0
1147156	10239.0				28883.0		10699.0				1147156.0
1147157	10239.0				28883.0		10699.0		2169654.0		2169926.0
1147158	10239.0				28883.0		10699.0		2169654.0		1147158.0
1150869	10239.0				28883.0		10744.0	1981156.0	1981159.0		1150869.0
1161903	10239.0				28883.0		10699.0		1623286.0		1161903.0
1161930	10239.0				28883.0		10699.0	2169599.0	2169621.0		2169978.0
1163482	10239.0				28883.0		10699.0	1910976.0	1910991.0		2005695.0
1165134	10239.0				28883.0		10699.0		1623305.0		1165134.0
1165702	10239.0				28883.0		10699.0		1623273.0		1165702.0
1168548	10239.0				28883.0		10744.0		186794.0		1168548.0
1168549	10239.0				28883.0		10699.0				1168549.0
1168563	10239.0				28883.0		10662.0	857479.0	140410.0		1168563.0
1168612	10239.0				28883.0		10699.0		1623273.0		1168612.0
1168613	10239.0				28883.0		10699.0		1623298.0		1168613.0
1173769	10239.0				28883.0		10662.0	857479.0	140410.0		1173769.0
1175662	10239.0				28883.0		10699.0		1921544.0		1175662.0
1177632	10239.0				28883.0		10699.0				1177632.0
1187128	10239.0				28883.0		10662.0		1915205.0		1915209.0
1188792	10239.0						564644.0		2003394.0		1188792.0
1188795	10239.0				28883.0		10744.0				1188795.0
1194641	10239.0				28883.0		10699.0				1194641.0
1195068	10239.0				28883.0		10699.0		1623298.0		1195068.0
1195071	10239.0				28883.0		10699.0		1623298.0		1195071.0
1195085	10239.0				28883.0		10662.0		1980929.0		1195085.0
1195086	10239.0				28883.0		10699.0		1623298.0		1195086.0
1197952	10239.0				28883.0		10699.0		1623298.0		1197952.0
1197953	10239.0				28883.0		10699.0		1623298.0		1197953.0
1204178	10239.0				28883.0		10744.0		1987146.0		1987150.0
1204515	10239.0				28883.0		10699.0		1623281.0		1993880.0
1204523	10239.0				28883.0		2169529.0	2169531.0	1298971.0		1987152.0
1204528	10239.0				28883.0		2169529.0	2169530.0	2169532.0		2169690.0
1204537	10239.0				28883.0		10699.0		1623296.0		1204537.0
1206110	10239.0				28883.0		10662.0				1206110.0
1211417	10239.0										1211417.0
1211640	10239.0				28883.0		10699.0				1211640.0
1211641	10239.0				28883.0		10699.0		1623296.0		1211641.0
1211642	10239.0				28883.0		10699.0		1623296.0		1211642.0
1211643	10239.0				28883.0		10699.0		1623296.0		1211643.0
1211644	10239.0				28883.0		10699.0		1623296.0		1211644.0
1221835	10239.0				28883.0		10699.0				1221835.0
1223259	10239.0				28883.0		10699.0		1623286.0		1223259.0
1223260	10239.0				28883.0		10699.0		1623286.0		1223260.0
1223261	10239.0				28883.0		10699.0		1623286.0		1223261.0
1223262	10239.0				28883.0		10699.0		1623286.0		1223262.0
1225789	10239.0				28883.0		10662.0				1225789.0
1225791	10239.0				28883.0		10699.0				1225791.0
1225792	10239.0				28883.0		10699.0				1225792.0
1229751	10239.0				28883.0		10699.0				1229751.0
1235645	10239.0				28883.0		10699.0		1982251.0		1235645.0
1235649	10239.0				28883.0		10699.0		1982251.0		1235649.0
1235689	10239.0				28883.0		10744.0				1235689.0
1236000	10239.0				28883.0		10662.0		1980938.0		1236000.0
1239381	10239.0				28883.0		10699.0				1239381.0
1262515	10239.0				28883.0		10699.0	2169599.0	2169621.0		2169974.0
1262516	10239.0				28883.0		10699.0	2169599.0	2169621.0		2169975.0
1262517	10239.0				28883.0		10699.0	2169599.0	2169621.0		2169976.0
1262518	10239.0				28883.0		10699.0	2169599.0	2169622.0		2170247.0
1262519	10239.0				28883.0		10699.0	2169599.0	2169622.0		2170248.0
1262520	10239.0				28883.0		10699.0	2169599.0	2169621.0		2169977.0
1262521	10239.0				28883.0		10699.0	2169599.0	2169622.0		2170249.0
1262522	10239.0				28883.0		10699.0	2169599.0	2169621.0		2169979.0
1262523	10239.0				28883.0		10699.0	2169599.0	2169622.0		1262523.0
1262532	10239.0				28883.0		10699.0		186764.0		1262532.0
1262533	10239.0				28883.0		10699.0		1623305.0		1262533.0
1262535	10239.0				28883.0		10699.0		1623305.0		1262535.0
1262536	10239.0				28883.0		10699.0		1623305.0		1262536.0
1262537	10239.0				28883.0		10699.0		1623305.0		1262537.0
1262538	10239.0				28883.0		10699.0		1623305.0		1262538.0
1267169	10239.0				28883.0		10699.0				1267169.0
1273712	10239.0				28883.0		10699.0		1623274.0		1273712.0
1273741	10239.0				28883.0		10699.0		1623275.0		1273741.0
1277672	10239.0				28883.0		10699.0		1623273.0		1277672.0
1278479	10239.0				28883.0		10662.0				1278479.0
1279082	10239.0				28883.0		10662.0		1918725.0		1279082.0
1301279	10239.0						10486.0	2017757.0	10487.0		1301279.0
1301280	10239.0						10486.0	2017757.0	10487.0		1301280.0
1305708	10239.0				28883.0		10699.0				1305708.0
1307800	10239.0						11050.0		1307799.0		1307800.0
1307804	10239.0				28883.0		10662.0	1198136.0	1985328.0		1307804.0
1308896	10239.0				28883.0		10699.0		1623274.0		1308896.0
1308897	10239.0				28883.0		10699.0		1623298.0		1308897.0
1315956	10239.0				28883.0		10699.0	1910999.0			2496551.0
1325731	10239.0				28883.0		10744.0				1325731.0
1325963	10239.0				28883.0		10699.0	1910976.0	1910991.0		2005697.0
1327771	10239.0				28883.0		10699.0		1623281.0		1327771.0
1327772	10239.0				28883.0		10699.0		186764.0		1327772.0
1327773	10239.0				28883.0		10699.0		186764.0		1327773.0
1327985	10239.0				28883.0		10744.0				1327985.0
1330524	10239.0				464095.0		12058.0		688449.0		1330524.0
1340534	10239.0				28883.0		10699.0	1910976.0	1910991.0		2005696.0
1340830	10239.0				28883.0		10699.0	1982876.0			1340830.0
1341019	10239.0						10780.0	40119.0			1341019.0
1347760	10239.0				28883.0		10699.0		1623298.0		1347760.0
1352230	10239.0				28883.0						1352230.0
1354511	10239.0				28883.0		10699.0		186764.0		1354511.0
1357825	10239.0				28883.0		10662.0	857479.0	140410.0		1357825.0
1385385	10239.0				28883.0		10699.0		1623303.0		1385385.0
1391190	10239.0				28883.0		10699.0		1623286.0		1391190.0
1391224	10239.0				28883.0		10662.0	1198136.0	1913652.0		1391224.0
1391702	10239.0						675071.0		12234.0		1391702.0
1392231	10239.0				28883.0		10699.0		1623303.0		1392231.0
1399949	10239.0				28883.0		10699.0		1623273.0		1399949.0
1401669	10239.0				28883.0		10699.0				1401669.0
1403390	10239.0				28883.0		10699.0				1403390.0
1406788	10239.0				28883.0		10699.0		1623275.0		1406788.0
1406794	10239.0				28883.0		2169529.0	2169531.0	1298971.0		1987153.0
1406795	10239.0				28883.0		2169529.0	2169531.0	1298971.0		1987156.0
1407493	10239.0				28883.0		10662.0				1407493.0
1411095	10239.0				28883.0		10662.0		1912144.0		1411095.0
1414655	10239.0	2497569.0	2497571.0	2497576.0	1980410.0		1980416.0		11611.0		1414655.0
1414736	10239.0				28883.0		10699.0				1414736.0
1414737	10239.0				28883.0		10699.0				1414737.0
1415146	10239.0				28883.0		10744.0	542835.0	1985733.0		1985736.0
1416334	10239.0				28883.0		10662.0				1416334.0
1432856	10239.0				464095.0		232795.0				1432856.0
1434323	10239.0				28883.0		10662.0	1198136.0	10663.0		2049937.0
1436889	10239.0				28883.0		10744.0		680277.0		1987941.0
1445728	10239.0				28883.0		10699.0		1623281.0		1445728.0
1445860	10239.0				28883.0		10662.0	1198136.0	1913653.0		1445860.0
1446489	10239.0				28883.0		10699.0		187218.0		2049893.0
1448273	10239.0				28883.0		10699.0				1448273.0
1448274	10239.0				28883.0		10699.0				1448274.0
1448276	10239.0				28883.0		10699.0				1448276.0
1449437	10239.0										1449437.0
1449896	10239.0						10860.0				1449896.0
1449897	10239.0						10860.0				1449897.0
1450169	10239.0				28883.0		10699.0				1450169.0
1455075	10239.0				28883.0		10744.0	542835.0	110456.0		1455075.0
1458842	10239.0				28883.0		10699.0				1458842.0
1458843	10239.0				28883.0		10662.0				1458843.0
1458849	10239.0				28883.0		2169529.0	2169531.0	1298971.0		1987158.0
1460070	10239.0						10860.0				1460070.0
1463809	10239.0				28883.0		10699.0	1982876.0			1463809.0
1463811	10239.0				28883.0		10699.0	1982876.0			1463811.0
1463812	10239.0				28883.0		10699.0	1982876.0			1463812.0
1464127	10239.0				28883.0		10699.0		1623298.0		1464127.0
1465613	10239.0				28883.0		10699.0	1910976.0	1910991.0		1465613.0
1465618	10239.0				28883.0		10699.0	1910976.0	1910991.0		1465618.0
1472342	10239.0						151340.0	2169595.0	325455.0		1513260.0
1474867	10239.0						10501.0				1474867.0
1476886	10239.0				28883.0		10699.0				1476886.0
1476887	10239.0				28883.0		10699.0				1476887.0
1476888	10239.0				28883.0		10699.0				1476888.0
1476889	10239.0				28883.0		10699.0				1476889.0
1477406	10239.0				28883.0		2169529.0	2169530.0	2169534.0		2169973.0
1481224	10239.0				28883.0		10699.0		1623286.0		1481224.0
1486428	10239.0				28883.0		10699.0				1486428.0
1493510	10239.0				28883.0		10662.0	1198136.0			1493510.0
1493511	10239.0				28883.0		10662.0	1198136.0			1493511.0
1493512	10239.0				28883.0		10662.0	1198136.0			1493512.0
1493513	10239.0				28883.0		10662.0	1198136.0			1493513.0
1498168	10239.0				28883.0		10662.0	857473.0			1498168.0
1498170	10239.0				28883.0		10744.0	542835.0	110456.0		1498170.0
1498171	10239.0				28883.0		10699.0		1623298.0		1498171.0
1498220	10239.0				28883.0		10699.0		1623274.0		1498220.0
1505026	10239.0				28883.0		10699.0		1623298.0		1505026.0
1505027	10239.0				28883.0		10699.0		1623274.0		1505027.0
1510155	10239.0				548681.0		10292.0	10293.0	180252.0		93386.0
1511900	10239.0						10780.0	40119.0	40121.0		1511900.0
1511908	10239.0						10780.0	40119.0	1506574.0		1511908.0
1513185	10239.0						10780.0	40120.0	10806.0		1513185.0
1519999	10239.0				28883.0		10699.0		1623274.0		1519999.0
1522092	10239.0				28883.0		10662.0		1912144.0		1522092.0
1524881	10239.0				28883.0		10744.0		186794.0		1524881.0
1524882	10239.0				28883.0		10699.0				1524882.0
1526550	10239.0										1526550.0
1527506	10239.0				28883.0		10744.0	542835.0	110456.0		1527506.0
1527516	10239.0				28883.0		10699.0		186764.0		1527516.0
1527519	10239.0				28883.0		10662.0				1527519.0
1527520	10239.0				28883.0		10699.0		186764.0		1527520.0
1527524	10239.0				28883.0		10662.0	1198136.0	1985328.0		1527524.0
1527531	10239.0				28883.0		10662.0	1985285.0	1198140.0		1985308.0
1527535	10239.0				28883.0		10699.0		186764.0		1527535.0
1530400	10239.0				28883.0		10744.0		1920762.0		1530400.0
1535290	10239.0						687329.0		687332.0		1535290.0
1536596	10239.0				28883.0		10699.0		1623286.0		1536596.0
1536604	10239.0				28883.0		10699.0	2169599.0	2169622.0		2170250.0
1536605	10239.0				28883.0		10699.0	2169599.0	2169622.0		2170251.0
1540094	10239.0				28883.0		10662.0	1985285.0	1985303.0		1985304.0
1540097	10239.0				28883.0		10744.0		2169643.0		2170215.0
1540099	10239.0				28883.0		10699.0		187218.0		1540099.0
1540823	10239.0				28883.0		10699.0	1910976.0	1910991.0		2005698.0
1541887	10239.0				28883.0		10699.0		1623283.0		1541887.0
1542090	10239.0				28883.0		10662.0		1198980.0		1542090.0
1542743	10239.0						1910928.0		1985367.0		1985417.0
1543201	10239.0				28883.0		10744.0	542835.0	542837.0		1543201.0
1543203	10239.0				28883.0		10699.0		1623283.0		1543203.0
1547495	10239.0				464095.0		12058.0		688449.0		1547495.0
1548907	10239.0				28883.0		10662.0		1198980.0		1548907.0
1548917	10239.0				28883.0		10662.0		1198980.0		2006173.0
1548918	10239.0				28883.0		10699.0		1623286.0		1548918.0
1556290	10239.0				28883.0		10699.0				1556290.0
1560285	10239.0				28883.0		10699.0		186764.0		1560285.0
1560342	10239.0				28883.0		10662.0				1560342.0
1564096	10239.0				28883.0		2169529.0				2169686.0
1566990	10239.0				28883.0		10699.0				1566990.0
1566995	10239.0				28883.0		10744.0		1920762.0		1566995.0
1567006	10239.0				28883.0		10699.0		187218.0		1567006.0
1567472	10239.0				28883.0		10699.0	1982878.0	1983734.0		1983741.0
1567484	10239.0				28883.0		10662.0				1567484.0
1567486	10239.0				28883.0		10662.0	857479.0	140410.0		1567486.0
1572712	10239.0				28883.0		10699.0				1572712.0
1573458	10239.0				28883.0		10699.0				1573458.0
1586713	10239.0						10501.0		181084.0		1586713.0
1586714	10239.0						10501.0		181084.0		1586714.0
1586715	10239.0						10501.0		181084.0		1586715.0
1589733	10239.0				28883.0		10662.0				1589733.0
1592081	10239.0						1910928.0		1542744.0		1592081.0
1592101	10239.0										1592101.0
1604355	10239.0				28883.0		10744.0		680277.0		1987939.0
1608440	10239.0										1608440.0
1610872	10239.0				28883.0		10699.0				1610872.0
1619219	10239.0						687329.0		687331.0		1619219.0
1619220	10239.0						687329.0		687331.0		1619220.0
1629657	10239.0						687329.0		687331.0		1629657.0
1629665	10239.0						186766.0		186768.0		1629665.0
1633149	10239.0				28883.0		10699.0		1623299.0		1633149.0
1633150	10239.0				28883.0		10699.0		1623299.0		1633150.0
1633151	10239.0				28883.0		10699.0		1623299.0		1633151.0
1634488	10239.0						1910928.0		1941236.0		2004960.0
1636189	10239.0				28883.0		10744.0		1920762.0		1636189.0
1636204	10239.0				28883.0		10699.0		1623298.0		1636204.0
1636205	10239.0				28883.0		10699.0		1623298.0		1636205.0
1636270	10239.0				28883.0		10744.0				1636270.0
1636313	10239.0				28883.0		10744.0	542835.0	110456.0		1636313.0
1636314	10239.0				28883.0		10744.0	542835.0	110456.0		1636314.0
1640970	10239.0				28883.0		10662.0		1198980.0		2006169.0
1640974	10239.0				28883.0		10662.0		1198980.0		2006170.0
1647300	10239.0				28883.0		10699.0		186764.0		1647300.0
1647385	10239.0				28883.0		10744.0	542835.0	110456.0		1647385.0
1647411	10239.0				28883.0		10699.0		187218.0		1647411.0
1647419	10239.0				28883.0		10699.0		1982251.0		1647419.0
1647421	10239.0				28883.0		10699.0		1982251.0		1647421.0
1647425	10239.0				28883.0		10699.0		1982251.0		1647425.0
1647426	10239.0				28883.0		10699.0		1982251.0		1647426.0
1647434	10239.0				28883.0		10699.0		1982251.0		1647434.0
1647455	10239.0				28883.0		10662.0	857479.0	140410.0		1647455.0
1647458	10239.0				28883.0		10744.0		186794.0		1647458.0
1647463	10239.0				28883.0		10662.0				1647463.0
1647465	10239.0				28883.0		10662.0	857479.0	140410.0		1647465.0
1647466	10239.0				28883.0		10662.0	857479.0	140410.0		1647466.0
1647469	10239.0				28883.0		10699.0				1647469.0
1649239	10239.0				28883.0		10662.0	857479.0	140410.0		1649239.0
1649240	10239.0				28883.0		10662.0	857479.0	140410.0		1649240.0
1654740	10239.0				28883.0		10699.0		1982251.0		1654740.0
1654780	10239.0				28883.0		10699.0		1982251.0		1654780.0
1654781	10239.0				28883.0		10699.0		1982251.0		1654781.0
1654782	10239.0				28883.0		10699.0		1982251.0		1654782.0
1654919	10239.0				28883.0		10662.0				1654919.0
1654926	10239.0				28883.0		10662.0	1198136.0	10663.0		1654926.0
1654928	10239.0				28883.0		10662.0	1198136.0	1985325.0		1985327.0
1655305	10239.0				28883.0		10662.0	1198136.0	1913652.0		1655305.0
1655644	10239.0						10841.0				1655644.0
1655645	10239.0						10841.0				1655645.0
1659230	10239.0				28883.0		10699.0		1921544.0		1659230.0
1673887	10239.0				28883.0		10662.0	1198136.0	1985328.0		1673887.0
1674930	10239.0				28883.0		10699.0		1623273.0		1674930.0
1675607	10239.0				28883.0		10662.0	1198136.0	1985328.0		1985339.0
1690805	10239.0				28883.0		10699.0		1982251.0		1690805.0
1690817	10239.0				28883.0		10699.0				1690817.0
1690818	10239.0				28883.0		10699.0				1690818.0
1698357	10239.0				28883.0		10699.0		1623281.0		1698357.0
1698360	10239.0				28883.0		10662.0	1198136.0	1985325.0		1985326.0
1698421	10239.0				28883.0		10699.0		1623298.0		1698421.0
1701257	10239.0				28883.0		10699.0	1910976.0			1701257.0
1701404	10239.0						10841.0	686565.0			1701404.0
1701810	10239.0				28883.0		10662.0	1198136.0	1985328.0		1701810.0
1701811	10239.0				28883.0		10699.0				1701811.0
1701812	10239.0				28883.0		10699.0				1701812.0
1701813	10239.0				28883.0		10699.0				1701813.0
1701814	10239.0				28883.0		10699.0				1701814.0
1701824	10239.0				28883.0		10699.0				1701824.0
1701826	10239.0				28883.0		10699.0				1701826.0
1701827	10239.0				28883.0		10699.0				1701827.0
1701828	10239.0				28883.0		10699.0				1701828.0
1701830	10239.0				28883.0		10699.0				1701830.0
1701837	10239.0				28883.0		10699.0				1701837.0
1701842	10239.0				28883.0		10699.0				1701842.0
1701853	10239.0				28883.0		10699.0		186764.0		1701853.0
1715778	10239.0						10508.0		10509.0		1986018.0
1718278	10239.0				28883.0		10699.0				1718278.0
1719140	10239.0				28883.0		10662.0				1719140.0
1720494	10239.0				28883.0		10662.0	1198136.0	10663.0		1720494.0
1720495	10239.0				28883.0		10662.0	1911928.0	1914852.0		1720495.0
1720498	10239.0				28883.0		10699.0		1623289.0		1720498.0
1720500	10239.0				28883.0		10662.0	1198136.0	10663.0		1720500.0
1720501	10239.0				28883.0		10662.0	1198136.0	10663.0		1720501.0
1729937	10239.0				28883.0		10662.0				1729937.0
1732063	10239.0				28883.0		10699.0		680116.0		1732063.0
1732064	10239.0				28883.0		10699.0				1732064.0
1739607	10239.0				28883.0		10699.0				1739607.0
1739608	10239.0				28883.0		10699.0				1739608.0
1739609	10239.0				28883.0		10699.0				1739609.0
1739610	10239.0				28883.0		10699.0				1739610.0
1739611	10239.0				28883.0		10699.0				1739611.0
1743016	10239.0				28883.0		10699.0				1743016.0
1747271	10239.0				28883.0		10699.0		1982251.0		1747271.0
1747326	10239.0				28883.0		10699.0				1747326.0
1754217	10239.0				28883.0		10662.0	857479.0	1196844.0		1754217.0
1755689	10239.0				28883.0		10699.0				1755689.0
1755692	10239.0				28883.0		10744.0	542835.0	110456.0		1755692.0
1755695	10239.0				28883.0		10744.0	542835.0	110456.0		1755695.0
1776177	10239.0						564644.0		2003394.0		1776177.0
1777052	10239.0				28883.0		10699.0				1777052.0
1777053	10239.0				28883.0		10699.0		1623286.0		1777053.0
1777054	10239.0				28883.0		10699.0		1623286.0		1777054.0
1777064	10239.0				28883.0		10699.0				1777064.0
1788294	10239.0				28883.0		10744.0	542835.0	110456.0		1788294.0
1792222	10239.0				28883.0		10662.0		1915205.0		1792222.0
1792269	10239.0				28883.0		10699.0		1623298.0		1792269.0
1792273	10239.0				28883.0		10744.0				1792273.0
1792274	10239.0										1792274.0
1805464	10239.0				28883.0		10744.0	542835.0	110456.0		1805464.0
1810705	10239.0				28883.0		10744.0		186794.0		1810705.0
1813613	10239.0				464095.0						1813613.0
1813769	10239.0				28883.0		10699.0		1982370.0		1813769.0
1813771	10239.0				28883.0		10662.0				1813771.0
1813779	10239.0				28883.0		10744.0		186794.0		1813779.0
1813781	10239.0				28883.0		10699.0		1623283.0		1813781.0
1813782	10239.0				28883.0		10699.0		187218.0		1982565.0
1814280	10239.0										1814280.0
1814281	10239.0										1814281.0
1814282	10239.0										1814282.0
1814283	10239.0										1814283.0
1814284	10239.0										1814284.0
1814285	10239.0										1814285.0
1814286	10239.0										1814286.0
1814287	10239.0										1814287.0
1814288	10239.0										1814288.0
1814957	10239.0				28883.0		10699.0				1814957.0
1814958	10239.0				28883.0		10699.0				1814958.0
1814960	10239.0				28883.0		10699.0				1814960.0
1815510	10239.0				28883.0		10699.0				1815510.0
1815511	10239.0				28883.0		10699.0				1815511.0
1815590	10239.0				28883.0		10662.0	1198136.0	10663.0		1815590.0
1815955	10239.0				28883.0		10699.0				1815955.0
1815968	10239.0				28883.0		10662.0		186789.0		1815968.0
1815969	10239.0				28883.0		10699.0		186764.0		1815969.0
1815972	10239.0				28883.0		10699.0		186764.0		1815972.0
1821727	10239.0				28883.0		10699.0	1982878.0	1983734.0		1821727.0
1837842	10239.0				28883.0		10744.0	542835.0	110456.0		1837842.0
1837867	10239.0				28883.0		10662.0	1198136.0	10663.0		1837867.0
1838062	10239.0				28883.0		10699.0				1838062.0
1838138	10239.0				28883.0		10699.0		2169655.0		1838138.0
1843734	10239.0						1910928.0		1985366.0		1985426.0
1843740	10239.0						1910928.0		1542744.0		1985376.0
1843771	10239.0										1843771.0
1846169	10239.0				548681.0		10292.0	10357.0	40272.0		1846169.0
1852625	10239.0				28883.0		10662.0	1198136.0	1985325.0		1852625.0
1852629	10239.0				28883.0		10699.0				1852629.0
1857099	10239.0				28883.0		10699.0	1910976.0	1910991.0		1857099.0
1859149	10239.0						687329.0		687332.0		1859149.0
1862824	10239.0						1910928.0		1542744.0		1862824.0
1862958	10239.0				28883.0		10699.0		186532.0		1862958.0
1862959	10239.0				28883.0		10699.0		186532.0		1862959.0
1862960	10239.0				28883.0		10699.0		186532.0		1862960.0
1862961	10239.0				28883.0		10699.0		186532.0		1862961.0
1862962	10239.0				28883.0		10699.0		186532.0		1862962.0
1863007	10239.0				28883.0		10662.0	1198136.0	10663.0		1863007.0
1863008	10239.0				28883.0		10662.0	1198136.0	10663.0		1863008.0
1863009	10239.0				28883.0		10662.0	1198136.0	10663.0		1863009.0
1863010	10239.0				28883.0		10699.0		187218.0		1863010.0
1863011	10239.0				28883.0		10662.0	1198136.0	1913652.0		1863011.0
1864623	10239.0				28883.0		10744.0		542960.0		1864623.0
1868170	10239.0				28883.0		10699.0	1910976.0	1910991.0		1868170.0
1868596	10239.0				28883.0		10699.0				1868596.0
1871313	10239.0				28883.0		10662.0	1198136.0	1985328.0		1871313.0
1871678	10239.0				28883.0		10699.0				1871678.0
1871681	10239.0				28883.0		10699.0				1871681.0
1871687	10239.0				28883.0		10699.0				1871687.0
1871690	10239.0				28883.0		10699.0				1871690.0
1873949	10239.0				28883.0		10744.0	542835.0			1873949.0
1873959	10239.0				28883.0		10744.0	542835.0			1873959.0
1873985	10239.0				28883.0		10699.0		1982370.0		1873985.0
1873990	10239.0				28883.0		10662.0	1985285.0	1198140.0		1873990.0
1883371	10239.0				28883.0		10662.0		1980929.0		1883371.0
1883372	10239.0				28883.0		10662.0		1980929.0		1883372.0
1883374	10239.0				28883.0		10662.0		1980929.0		1883374.0
1883377	10239.0				28883.0		10662.0		1980929.0		1883377.0
1883379	10239.0				28883.0		10662.0		1980929.0		1883379.0
1887645	10239.0				28883.0		10699.0		1982557.0		1887645.0
1903266	10239.0						2023203.0				1903266.0
1910936	10239.0				28883.0		10662.0		1910931.0		1910936.0
1910937	10239.0				28883.0		10662.0		1910931.0		1910937.0
1910969	10239.0						10841.0	1910950.0	1910952.0		1910969.0
1911008	10239.0				28883.0		10699.0	1910976.0	1910992.0		1911008.0
1911010	10239.0				28883.0		10699.0	1910976.0	1910992.0		1911010.0
1913655	10239.0				28883.0		10662.0	1198136.0	1913650.0		1913655.0
1913656	10239.0				28883.0		10662.0	1198136.0	1913650.0		1913656.0
1913657	10239.0				28883.0		10662.0	1198136.0	1913653.0		1913657.0
1913683	10239.0				28883.0		10662.0	1198136.0	1913654.0		1913683.0
1913684	10239.0				28883.0		10662.0	1198136.0	1913654.0		1913684.0
1913685	10239.0				28883.0		10662.0	1198136.0	1913654.0		1913685.0
1913686	10239.0				28883.0		10662.0	1198136.0	1913654.0		1913686.0
1913995	10239.0				28883.0		10662.0	1198136.0	1913654.0		1913995.0
1914155	10239.0				28883.0		10662.0	1198136.0	1913652.0		1914155.0
1914160	10239.0				28883.0		10662.0	1198136.0	1913652.0		1914160.0
1914161	10239.0				28883.0		10662.0	1198136.0	1913652.0		1914161.0
1914162	10239.0				28883.0		10662.0	1198136.0	1913652.0		1914162.0
1914199	10239.0				28883.0		10662.0	1198136.0	10663.0		1914199.0
1914200	10239.0				28883.0		10662.0	1198136.0	10663.0		1914200.0
1914201	10239.0				28883.0		10662.0	1198136.0	10663.0		1914201.0
1914202	10239.0				28883.0		10662.0	1198136.0	10663.0		1914202.0
1914204	10239.0				28883.0		10662.0	1198136.0	10663.0		1914204.0
1914205	10239.0				28883.0		10662.0	1198136.0	10663.0		1914205.0
1914206	10239.0				28883.0		10662.0	1198136.0	10663.0		1914206.0
1914207	10239.0				28883.0		10662.0	1198136.0	10663.0		1914207.0
1914208	10239.0				28883.0		10662.0	1198136.0	10663.0		1914208.0
1914853	10239.0				28883.0		10662.0	1911928.0	1914852.0		1914853.0
1914892	10239.0				28883.0		10662.0	1911928.0	1914851.0		1914892.0
1914893	10239.0				28883.0		10662.0	1911928.0	1914851.0		1914893.0
1914897	10239.0				28883.0		10662.0	1911928.0	1914850.0		1914897.0
1914898	10239.0				28883.0		10662.0	1911928.0	1914850.0		1914898.0
1914899	10239.0				28883.0		10662.0	1911928.0	1914850.0		1914899.0
1918192	10239.0				28883.0		10699.0		1918017.0		1918192.0
1918524	10239.0				28883.0		10744.0		1918522.0		1918524.0
1918525	10239.0				28883.0		10744.0		1918522.0		1918525.0
1918727	10239.0				28883.0		10662.0		1918725.0		1918727.0
1920754	10239.0				28883.0		10744.0		1920753.0		1920754.0
1920755	10239.0				28883.0		10744.0		1920753.0		1920755.0
1920756	10239.0				28883.0		10744.0		1920753.0		1920756.0
1920757	10239.0				28883.0		10744.0		1920753.0		1920757.0
1920758	10239.0				28883.0		10744.0		1920753.0		1920758.0
1920759	10239.0				28883.0		10744.0		1920753.0		1920759.0
1920761	10239.0				28883.0		10744.0		1920753.0		1920761.0
1920765	10239.0				28883.0		10744.0		1920762.0		1920765.0
1920861	10239.0				28883.0		10699.0	1910999.0	1920860.0		1920861.0
1920862	10239.0				28883.0		10699.0	1910999.0	1920860.0		1920862.0
1921004	10239.0				28883.0		10699.0	1910999.0	187217.0		1921004.0
1921005	10239.0				28883.0		10699.0	1910999.0	187217.0		1921005.0
1921008	10239.0				28883.0		10699.0	1910999.0	187217.0		1921008.0
1921017	10239.0				28883.0		10662.0		1921016.0		1921017.0
1921018	10239.0				28883.0		10662.0		1921016.0		1921018.0
1921019	10239.0				28883.0		10662.0		1921016.0		1921019.0
1921118	10239.0				28883.0		10699.0		1921117.0		1921118.0
1921119	10239.0				28883.0		10699.0		1921117.0		1921119.0
1921120	10239.0				28883.0		10699.0		1921117.0		1921120.0
1921121	10239.0				28883.0		10699.0		1921117.0		1921121.0
1921123	10239.0				28883.0		10699.0		1921122.0		1921123.0
1921545	10239.0				28883.0		10699.0		1921544.0		1921545.0
1921546	10239.0				28883.0		10699.0		1921544.0		1921546.0
1921547	10239.0				28883.0		10699.0		1921544.0		1921547.0
1921548	10239.0				28883.0		10699.0		1921544.0		1921548.0
1922246	10239.0				28883.0		10699.0		1922243.0		1922246.0
1922247	10239.0				28883.0		10699.0		1922243.0		1922247.0
1922770	10239.0										1922770.0
1923133	10239.0										1923133.0
1924729	10239.0				28883.0		10662.0	857473.0	1857843.0		1924729.0
1924730	10239.0				28883.0		10662.0	857473.0	1857843.0		1924730.0
1924731	10239.0				28883.0		10662.0	857473.0	1857843.0		1924731.0
1924732	10239.0				28883.0		10662.0	857473.0	1857843.0		1924732.0
1924733	10239.0				28883.0		10662.0	857473.0	1857843.0		1924733.0
1924734	10239.0				28883.0		10662.0	857473.0	1857843.0		1924734.0
1930269	10239.0						39738.0		186844.0		1930269.0
1930509	10239.0				464095.0				2219049.0		1930509.0
1945565	10239.0				28883.0		10699.0	1910999.0	1920864.0		1945565.0
1945575	10239.0				28883.0		10699.0		187218.0		1945575.0
1945589	10239.0						10841.0	1910950.0	1910951.0		1945589.0
1954380	10239.0				28883.0		10699.0		1623289.0		1954380.0
1962299	10239.0						10508.0		10509.0		1962299.0
1965376	10239.0				28883.0		10662.0	1985285.0	1198140.0		1965376.0
1965378	10239.0				28883.0		10662.0	1985285.0	1198140.0		1965378.0
1965379	10239.0				28883.0		10662.0	1985285.0	1198140.0		1965379.0
1965382	10239.0				28883.0		10662.0	1985285.0	1198140.0		1965382.0
1965383	10239.0				28883.0		10662.0	1985285.0	1198140.0		1965383.0
1965384	10239.0				28883.0		10662.0	1985285.0	1985293.0		1965384.0
1965385	10239.0				28883.0		10662.0	1985285.0	1198140.0		1965385.0
1972577	10239.0	2497569.0	2497570.0	2497574.0	11157.0		11270.0		11271.0		1972577.0
1977297	10239.0						10860.0		1977141.0		1977297.0
1977298	10239.0						10860.0		1977141.0		1977298.0
1977299	10239.0						10860.0		1977141.0		1977299.0
1977411	10239.0						10860.0				1977411.0
1980926	10239.0				28883.0		10662.0		1980922.0		1980926.0
1980931	10239.0				28883.0		10662.0		1980928.0		1980931.0
1980941	10239.0				28883.0		10662.0		1980938.0		1980941.0
1980942	10239.0				28883.0		10662.0		1980938.0		1980942.0
1980943	10239.0				28883.0		10662.0		186777.0		1980943.0
1980959	10239.0				28883.0		10662.0	1198136.0	1913651.0		1980959.0
1980960	10239.0				28883.0		10662.0	1911928.0	1914850.0		1980960.0
1980961	10239.0				28883.0		10662.0	1911928.0	1914850.0		1980961.0
1980962	10239.0				28883.0		10662.0	857473.0	1857843.0		1980962.0
1980964	10239.0				28883.0		10662.0	857473.0	1857843.0		1980964.0
1981027	10239.0				28883.0		10699.0		1623289.0		1981027.0
1981032	10239.0				28883.0		10699.0	1910976.0	1910991.0		1981032.0
1981041	10239.0				28883.0		10699.0	1910999.0	1920860.0		1981041.0
1981042	10239.0				28883.0		10699.0	1910999.0	1920860.0		1981042.0
1981043	10239.0				28883.0		10699.0	1910999.0	1920860.0		1981043.0
1981048	10239.0				28883.0		10699.0		1299429.0		1981048.0
1981049	10239.0				28883.0		10699.0		1299429.0		1981049.0
1981160	10239.0				28883.0		10744.0	1981156.0	1981157.0		1981160.0
1981161	10239.0				28883.0		10744.0	1981156.0	1981157.0		1981161.0
1981162	10239.0				28883.0		10744.0	1981156.0	1981157.0		1981162.0
1981164	10239.0				28883.0		10744.0	1981156.0	1981157.0		1981164.0
1981165	10239.0				28883.0		10744.0	1981156.0	1981158.0		1981165.0
1981166	10239.0				28883.0		10744.0	1981156.0	1981158.0		1981166.0
1981167	10239.0				28883.0		10744.0	1981156.0	1981159.0		1981167.0
1981168	10239.0				28883.0		10744.0	1981156.0	1981159.0		1981168.0
1981169	10239.0				28883.0		10744.0	1981156.0	1981159.0		1981169.0
1981170	10239.0				28883.0		10744.0	1981156.0	1981159.0		1981170.0
1982090	10239.0				28883.0		10699.0		1982088.0		1982090.0
1982096	10239.0				28883.0		10699.0		1982095.0		1982096.0
1982098	10239.0				28883.0		10699.0		1982095.0		1982098.0
1982240	10239.0				28883.0		10699.0		1982239.0		1982240.0
1982252	10239.0				28883.0		10699.0		1982251.0		1982252.0
1982253	10239.0				28883.0		10699.0		1982251.0		1982253.0
1982254	10239.0				28883.0		10699.0		1982251.0		1982254.0
1982256	10239.0				28883.0		10699.0		1982251.0		1982256.0
1982257	10239.0				28883.0		10699.0		1982251.0		1982257.0
1982258	10239.0				28883.0		10699.0		1982251.0		1982258.0
1982259	10239.0				28883.0		10699.0		1982251.0		1982259.0
1982260	10239.0				28883.0		10699.0		1982251.0		1982260.0
1982261	10239.0				28883.0		10699.0		1982251.0		1982261.0
1982262	10239.0				28883.0		10699.0		1982251.0		1982262.0
1982263	10239.0				28883.0		10699.0		1982251.0		1982263.0
1982264	10239.0				28883.0		10699.0		1982251.0		1982264.0
1982265	10239.0				28883.0		10699.0		1982251.0		1982265.0
1982266	10239.0				28883.0		10699.0		1982251.0		1982266.0
1982267	10239.0				28883.0		10699.0		1982251.0		1982267.0
1982268	10239.0				28883.0		10699.0		1982251.0		1982268.0
1982269	10239.0				28883.0		10699.0		1982251.0		1982269.0
1982270	10239.0				28883.0		10699.0		1982251.0		1982270.0
1982271	10239.0				28883.0		10699.0		1982251.0		1982271.0
1982272	10239.0				28883.0		10699.0		1982251.0		1982272.0
1982273	10239.0				28883.0		10699.0		1982251.0		1982273.0
1982274	10239.0				28883.0		10699.0		1982251.0		1982274.0
1982276	10239.0				28883.0		10699.0		1982251.0		1982276.0
1982277	10239.0				28883.0		10699.0		1982251.0		1982277.0
1982279	10239.0				28883.0		10699.0		1982251.0		1982279.0
1982280	10239.0				28883.0		10699.0		1982251.0		1982280.0
1982282	10239.0				28883.0		10699.0		1982251.0		1982282.0
1982283	10239.0				28883.0		10699.0		1982251.0		1982283.0
1982284	10239.0				28883.0		10699.0		1982251.0		1982284.0
1982285	10239.0				28883.0		10699.0		1982251.0		1982285.0
1982286	10239.0				28883.0		10699.0		1982251.0		1982286.0
1982287	10239.0				28883.0		10699.0		1982251.0		1982287.0
1982288	10239.0				28883.0		10699.0		1982251.0		1982288.0
1982291	10239.0				28883.0		10699.0		1982251.0		1982291.0
1982292	10239.0				28883.0		10699.0		1982251.0		1982292.0
1982295	10239.0				28883.0		10699.0		1982251.0		1982295.0
1982297	10239.0				28883.0		10699.0		1982251.0		1982297.0
1982298	10239.0				28883.0		10699.0		1982251.0		1982298.0
1982300	10239.0				28883.0		10699.0		1982251.0		1982300.0
1982301	10239.0				28883.0		10699.0		1982251.0		1982301.0
1982303	10239.0				28883.0		10699.0		1982251.0		1982303.0
1982304	10239.0				28883.0		10699.0		1982251.0		1982304.0
1982305	10239.0				28883.0		10699.0		1982251.0		1982305.0
1982306	10239.0				28883.0		10699.0		1982251.0		1982306.0
1982307	10239.0				28883.0		10699.0		1982251.0		1982307.0
1982308	10239.0				28883.0		10699.0		1982251.0		1982308.0
1982357	10239.0				28883.0		10699.0		1982355.0		1982357.0
1982358	10239.0				28883.0		10699.0		1982355.0		1982358.0
1982368	10239.0				28883.0		10699.0		1982367.0		1982368.0
1982369	10239.0				28883.0		10699.0		1982367.0		1982369.0
1982555	10239.0				28883.0		10699.0		1982554.0		1982555.0
1982564	10239.0				28883.0		10699.0		187218.0		1982564.0
1982565	10239.0				28883.0		10699.0		187218.0		1982565.0
1982575	10239.0				28883.0		10699.0		1982573.0		1982575.0
1982577	10239.0				28883.0		10744.0		1982576.0		1982577.0
1982578	10239.0				28883.0		10744.0		1982576.0		1982578.0
1982579	10239.0				28883.0		10744.0		542960.0		1982579.0
1982580	10239.0				28883.0		10744.0		542960.0		1982580.0
1982581	10239.0				28883.0		10744.0		542960.0		1982581.0
1982746	10239.0				28883.0		10699.0		1982745.0		1982746.0
1982747	10239.0				28883.0		10699.0		1982745.0		1982747.0
