	superkingdom	kingdom	subkingdom	phylum	subphylum	class	subclass	order	suborder	family	genus	species group	species
4754	2759.0	4751.0	451864.0	4890.0	451866.0	147553.0		37987.0		44281.0	4753.0		4754.0
4808	2759.0	4751.0		451459.0		451460.0		4805.0		4806.0	4807.0		4808.0
4837	2759.0	4751.0		1913637.0	451507.0	2212703.0		4827.0		1344966.0	4836.0		4837.0
4872	2759.0	4751.0		1913637.0	451507.0	2212702.0		4869.0		4870.0	4871.0		4872.0
4876	2759.0	4751.0		1913637.0	214504.0	214506.0		36750.0		36751.0	1129544.0		4876.0
4896	2759.0	4751.0	451864.0	4890.0	451866.0	147554.0		34346.0		4894.0	4895.0		4896.0
4897	2759.0	4751.0	451864.0	4890.0	451866.0	147554.0		34346.0		4894.0	4895.0		4897.0
4899	2759.0	4751.0	451864.0	4890.0	451866.0	147554.0		34346.0		4894.0	4895.0		4899.0
4903	2759.0	4751.0	451864.0	4890.0	147537.0	4891.0		4892.0		115784.0	604195.0		4903.0
4911	2759.0	4751.0	451864.0	4890.0	147537.0	4891.0		4892.0		4893.0	4910.0		4911.0
4920	2759.0	4751.0	451864.0	4890.0	147537.0	4891.0		4892.0		766764.0	766502.0		4920.0
4924	2759.0	4751.0	451864.0	4890.0	147537.0	4891.0		4892.0		766764.0	766733.0		4924.0
4926	2759.0	4751.0	451864.0	4890.0	147537.0	4891.0		4892.0		1156497.0	4919.0		4926.0
4927	2759.0	4751.0	451864.0	4890.0	147537.0	4891.0		4892.0		115784.0	599737.0		4927.0
4929	2759.0	4751.0	451864.0	4890.0	147537.0	4891.0		4892.0		766764.0	766728.0		4929.0
4931	2759.0	4751.0	451864.0	4890.0	147537.0	4891.0		4892.0		4893.0	4930.0		4931.0
4932	2759.0	4751.0	451864.0	4890.0	147537.0	4891.0		4892.0		4893.0	4930.0		4932.0
4934	2759.0	4751.0	451864.0	4890.0	147537.0	4891.0		4892.0		4893.0	300275.0		4934.0
4950	2759.0	4751.0	451864.0	4890.0	147537.0	4891.0		4892.0		4893.0	4948.0		4950.0
4952	2759.0	4751.0	451864.0	4890.0	147537.0	4891.0		4892.0		34353.0	4951.0		4952.0
4956	2759.0	4751.0	451864.0	4890.0	147537.0	4891.0		4892.0		4893.0	4953.0		4956.0
4959	2759.0	4751.0	451864.0	4890.0	147537.0	4891.0		4892.0		766764.0	4958.0		4959.0
5007	2759.0	4751.0	451864.0	4890.0	147537.0	4891.0		4892.0		1156497.0	13366.0		5007.0
5016	2759.0	4751.0	451864.0	4890.0	147538.0	147541.0	451868.0	92860.0	715340.0	28556.0	33194.0		5016.0
5017	2759.0	4751.0	451864.0	4890.0	147538.0	147541.0	451868.0	92860.0	715340.0	28556.0	33194.0		5017.0
5022	2759.0	4751.0	451864.0	4890.0	147538.0	147541.0	451868.0	92860.0	715340.0	34374.0	5021.0		5022.0
5037	2759.0	4751.0	451864.0	4890.0	147538.0	147545.0	451871.0	33183.0		299071.0	5036.0		5037.0
5044	2759.0	4751.0	451864.0	4890.0	147538.0	147550.0	222543.0	5125.0			159075.0		5044.0
5053	2759.0	4751.0	451864.0	4890.0	147538.0	147545.0	451871.0	5042.0		1131492.0	5052.0		5053.0
5057	2759.0	4751.0	451864.0	4890.0	147538.0	147545.0	451871.0	5042.0		1131492.0	5052.0		5057.0
5059	2759.0	4751.0	451864.0	4890.0	147538.0	147545.0	451871.0	5042.0		1131492.0	5052.0		5059.0
5061	2759.0	4751.0	451864.0	4890.0	147538.0	147545.0	451871.0	5042.0		1131492.0	5052.0		5061.0
5062	2759.0	4751.0	451864.0	4890.0	147538.0	147545.0	451871.0	5042.0		1131492.0	5052.0		5062.0
5068	2759.0	4751.0	451864.0	4890.0	147538.0	147545.0	451871.0	5042.0		1131492.0	5052.0		5068.0
5082	2759.0	4751.0	451864.0	4890.0	147538.0	147545.0	451871.0	5042.0		1131492.0	5073.0		5082.0
5113	2759.0	4751.0	451864.0	4890.0	147538.0	147550.0	222543.0	5125.0		34397.0	5112.0		5113.0
5141	2759.0	4751.0	451864.0	4890.0	147538.0	147550.0	222544.0	5139.0		5148.0	5140.0		5141.0
5145	2759.0	4751.0	451864.0	4890.0	147538.0	147550.0	222544.0	5139.0		42302.0	5144.0		5145.0
5147	2759.0	4751.0	451864.0	4890.0	147538.0	147550.0	222544.0	5139.0		5148.0	5146.0		5147.0
5180	2759.0	4751.0	451864.0	4890.0	147538.0	147548.0		5178.0		28983.0	5179.0		5180.0
5207	2759.0	4751.0	451864.0	5204.0	5302.0	155616.0		5234.0		1884633.0	5206.0	1897064.0	5207.0
5217	2759.0	4751.0	451864.0	5204.0	5302.0	155616.0		5234.0		5215.0	105767.0		5217.0
5270	2759.0	4751.0	451864.0	5204.0	452284.0	5257.0		5267.0		5268.0	5269.0		5270.0
5281	2759.0	4751.0	451864.0	5204.0	452284.0	452283.0		62913.0		62919.0	5280.0		5281.0
5286	2759.0	4751.0	451864.0	5204.0	29000.0	162481.0		231213.0		1799696.0	5533.0		5286.0
5297	2759.0	4751.0	451864.0	5204.0	29000.0	162484.0		5258.0		5262.0	5296.0		5297.0
5308	2759.0	4751.0	451864.0	5204.0	5302.0	155619.0		5303.0		81064.0	5307.0		5308.0
5315	2759.0	4751.0	451864.0	5204.0	5302.0	155619.0		5303.0		5317.0	5314.0		5315.0
5322	2759.0	4751.0	451864.0	5204.0	5302.0	155619.0	452333.0	5338.0		104366.0	5320.0		5322.0
5323	2759.0	4751.0	451864.0	5204.0	5302.0	155619.0	452333.0	5338.0		104366.0	5320.0		5323.0
5325	2759.0	4751.0	451864.0	5204.0	5302.0	155619.0		5303.0		5317.0	5324.0		5325.0
5334	2759.0	4751.0	451864.0	5204.0	5302.0	155619.0	452333.0	5338.0		5332.0	5333.0		5334.0
5341	2759.0	4751.0	451864.0	5204.0	5302.0	155619.0	452333.0	5338.0		5339.0	5340.0		5341.0
5346	2759.0	4751.0	451864.0	5204.0	5302.0	155619.0	452333.0	5338.0		184208.0	184431.0		5346.0
5353	2759.0	4751.0	451864.0	5204.0	5302.0	155619.0	452333.0	5338.0		72117.0	5352.0		5353.0
5476	2759.0	4751.0	451864.0	4890.0	147537.0	4891.0		4892.0		766764.0	1535326.0		5476.0
5478	2759.0	4751.0	451864.0	4890.0	147537.0	4891.0		4892.0		4893.0	374468.0		5478.0
5480	2759.0	4751.0	451864.0	4890.0	147537.0	4891.0		4892.0		766764.0	1535326.0		5480.0
5482	2759.0	4751.0	451864.0	4890.0	147537.0	4891.0		4892.0		766764.0	1535326.0		5482.0
5486	2759.0	4751.0	451864.0	4890.0	147537.0	4891.0		4892.0		766764.0	1535326.0		5486.0
5501	2759.0	4751.0	451864.0	4890.0	147538.0	147545.0	451871.0	33183.0			5500.0		5501.0
5507	2759.0	4751.0	451864.0	4890.0	147538.0	147550.0	222543.0	5125.0		110618.0	5506.0	171631.0	5507.0
5516	2759.0	4751.0	451864.0	4890.0	147538.0	147550.0	222543.0	5125.0		110618.0	5506.0	569360.0	5516.0
5518	2759.0	4751.0	451864.0	4890.0	147538.0	147550.0	222543.0	5125.0		110618.0	5506.0	569360.0	5518.0
5530	2759.0	4751.0	451864.0	4890.0	147538.0	147550.0	222543.0	5125.0		34397.0	5529.0		5530.0
5551	2759.0	4751.0	451864.0	4890.0	147538.0	147545.0	451871.0	33183.0		34384.0	5550.0		5551.0
5599	2759.0	4751.0	451864.0	4890.0	147538.0	147541.0	451868.0	92860.0	715340.0	28556.0	5598.0	187734.0	5599.0
5606	2759.0	4751.0	451864.0	4890.0	451866.0						5605.0		5606.0
5619	2759.0	4751.0	451864.0	5204.0	5302.0	155616.0		5234.0		1884633.0	5618.0		5619.0
5970	2759.0	4751.0	451864.0	4890.0	147538.0	147545.0	451870.0	34395.0		43219.0	5583.0		5970.0
6035	2759.0	4751.0		6029.0					6032.0	36734.0	6033.0		6035.0
13349	2759.0	4751.0	451864.0	4890.0	147538.0	189478.0		189479.0		47021.0	13348.0		13349.0
13684	2759.0	4751.0	451864.0	4890.0	147538.0	147541.0	451868.0	92860.0	715340.0	5020.0	1351751.0		13684.0
27288	2759.0	4751.0	451864.0	4890.0	147537.0	4891.0		4892.0		4893.0	278028.0		27288.0
27289	2759.0	4751.0	451864.0	4890.0	147537.0	4891.0		4892.0		4893.0	278028.0		27289.0
27291	2759.0	4751.0	451864.0	4890.0	147537.0	4891.0		4892.0		4893.0	4930.0		27291.0
27292	2759.0	4751.0	451864.0	4890.0	147537.0	4891.0		4892.0		4893.0	4930.0		27292.0
27293	2759.0	4751.0	451864.0	4890.0	147537.0	4891.0		4892.0		4893.0	71245.0		27293.0
27300	2759.0	4751.0	451864.0	4890.0	147537.0	4891.0		4892.0		766764.0	766758.0		27300.0
27322	2759.0	4751.0	451864.0	4890.0	147537.0	4891.0		4892.0		27319.0	27320.0		27322.0
27334	2759.0	4751.0	451864.0	4890.0	147538.0	147545.0	451871.0	5042.0		1131492.0	5073.0		27334.0
27337	2759.0	4751.0	451864.0	4890.0	147538.0	147550.0	222543.0	1028384.0		1033978.0	1036719.0		27337.0
27357	2759.0	4751.0	451864.0	4890.0	147538.0	147550.0	222543.0	1028384.0		681950.0	5455.0		27357.0
27381	2759.0	4751.0		1913637.0	214504.0	214506.0		36750.0		36751.0	1117308.0		27381.0
27973	2759.0	4751.0		6029.0					6032.0	36734.0	6033.0		27973.0
28550	2759.0	4751.0	451864.0	4890.0	147537.0	4891.0		4892.0		766764.0	766758.0		28550.0
28564	2759.0	4751.0	451864.0	4890.0	147538.0	147545.0	451871.0	5042.0		28568.0	5094.0		28564.0
28985	2759.0	4751.0	451864.0	4890.0	147537.0	4891.0		4892.0		4893.0	4910.0		28985.0
29833	2759.0	4751.0	451864.0	4890.0	147537.0	4891.0		4892.0		34365.0	29832.0		29833.0
29852	2759.0	4751.0	451864.0	4890.0	147538.0	147550.0	222543.0	5125.0		5129.0	5130.0		29852.0
29855	2759.0	4751.0	451864.0	4890.0	147538.0	147550.0	222543.0	5125.0		110618.0	5133.0		29855.0
29875	2759.0	4751.0	451864.0	4890.0	147538.0	147550.0	222543.0	5125.0		5129.0	5543.0		29875.0
29883	2759.0	4751.0	451864.0	5204.0	5302.0	155619.0	452333.0	5338.0		5351.0	29882.0		29883.0
29884	2759.0	4751.0	451864.0	5204.0	5302.0	155619.0		5303.0		5317.0	5314.0		29884.0
29898	2759.0	4751.0	451864.0	5204.0	29000.0	162481.0		231213.0		1799696.0	5533.0		29898.0
29908	2759.0	4751.0	451864.0	4890.0	147538.0	147550.0	222544.0	5151.0		5152.0	29907.0		29908.0
31281	2759.0	4751.0		6029.0					6032.0	27970.0	27971.0		31281.0
31870	2759.0	4751.0	451864.0	4890.0	147538.0	147550.0	222543.0	1028384.0		681950.0	5455.0		31870.0
33169	2759.0	4751.0	451864.0	4890.0	147537.0	4891.0		4892.0		4893.0	33170.0		33169.0
33178	2759.0	4751.0	451864.0	4890.0	147538.0	147545.0	451871.0	5042.0		1131492.0	5052.0		33178.0
33188	2759.0	4751.0	451864.0	4890.0	147538.0	147545.0	451871.0	33183.0		33184.0	33187.0		33188.0
33203	2759.0	4751.0	451864.0	4890.0	147538.0	147550.0	222543.0	5125.0		474942.0	1052105.0		33203.0
34349	2759.0	4751.0	451864.0	5204.0	29000.0	432025.0		432026.0		165795.0	34348.0		34349.0
34356	2759.0	4751.0	451864.0	4890.0	147537.0	4891.0		4892.0		27319.0	77850.0		34356.0
34391	2759.0	4751.0	451864.0	4890.0	147538.0	147545.0	451871.0	33183.0		34384.0	34390.0		34391.0
34480	2759.0	4751.0		1913638.0	1264859.0	1399768.0		1264872.0		4858.0	4859.0		34480.0
34485	2759.0	4751.0		1913638.0	1264859.0	1399770.0		4857.0		34481.0	34484.0		34485.0
34488	2759.0	4751.0		1913638.0	1264859.0	1399770.0		4857.0		34486.0	34487.0		34488.0
35629	2759.0	4751.0	451864.0	4890.0	147537.0	4891.0		4892.0		4893.0	4948.0		35629.0
35717	2759.0	4751.0	451864.0	4890.0	147538.0	147550.0	222543.0	5125.0		34397.0	5112.0		35717.0
35720	2759.0	4751.0	451864.0	4890.0	147538.0	147550.0	222544.0	5139.0		35718.0	35719.0		35720.0
35722	2759.0	4751.0		1913637.0	451507.0	2212703.0		4827.0	1344963.0	34489.0	35721.0		35722.0
36015	2759.0	4751.0	451864.0	4890.0	147537.0	4891.0		4892.0		1156497.0	4919.0		36015.0
36025	2759.0	4751.0	451864.0	4890.0	147537.0	4891.0		4892.0		1156497.0	460521.0		36025.0
36033	2759.0	4751.0	451864.0	4890.0	147537.0	4891.0		4892.0		4893.0	374469.0		36033.0
36035	2759.0	4751.0	451864.0	4890.0	147537.0	4891.0		4892.0		34365.0	36034.0		36035.0
36038	2759.0	4751.0	451864.0	4890.0	147537.0	4891.0		4892.0		115784.0	599802.0		36038.0
36066	2759.0	4751.0	451864.0	5204.0	5302.0	155619.0		36064.0		57201.0	36065.0		36066.0
36075	2759.0	4751.0	451864.0	5204.0	5302.0	155619.0		5303.0		5317.0	5314.0		36075.0
36630	2759.0	4751.0	451864.0	4890.0	147538.0	147545.0	451871.0	5042.0		1131492.0	5052.0		36630.0
36651	2759.0	4751.0	451864.0	4890.0	147538.0	147545.0	451871.0	5042.0		1131492.0	5073.0		36651.0
36779	2759.0	4751.0	451864.0	4890.0	147538.0	147550.0	222544.0	639021.0		81093.0	29849.0		36779.0
36909	2759.0	4751.0	451864.0	4890.0	147537.0	4891.0		4892.0		4893.0	36908.0		36909.0
36911	2759.0	4751.0	451864.0	4890.0	147537.0	4891.0		4892.0		27319.0	36910.0		36911.0
36914	2759.0	4751.0	451864.0	4890.0	147537.0	4891.0		4892.0		766764.0	36913.0		36914.0
37727	2759.0	4751.0	451864.0	4890.0	147538.0	147545.0	451871.0	5042.0		28568.0	5094.0		37727.0
37769	2759.0	4751.0	451864.0	5204.0	5302.0	155616.0		5234.0		1884633.0	5206.0	1884637.0	37769.0
37998	2759.0	4751.0	451864.0	4890.0	147538.0	147550.0	222543.0	5125.0		474943.0	1892809.0		37998.0
38006	2759.0	4751.0	451864.0	4890.0	147538.0	147550.0	222543.0	5125.0		474943.0	5581.0		38006.0
38033	2759.0	4751.0	451864.0	4890.0	147538.0	147550.0	222544.0	5139.0		35718.0	5149.0		38033.0
38038	2759.0	4751.0	451864.0	4890.0	147538.0	147548.0		5178.0			38037.0		38038.0
38945	2759.0	4751.0	451864.0	5204.0	5302.0	155619.0	452333.0	5338.0		862241.0	38944.0		38945.0
39397	2759.0	4751.0	451864.0	4890.0	147537.0	4891.0		4892.0			5475.0		39397.0
39416	2759.0	4751.0	451864.0	4890.0	147538.0	147549.0		5185.0		40289.0	36048.0		39416.0
40125	2759.0	4751.0	451864.0	4890.0	147538.0	147541.0	451868.0	92860.0	715340.0	28556.0	33194.0		40125.0
40127	2759.0	4751.0	451864.0	4890.0	147538.0	147550.0	222544.0	5139.0		5148.0	5140.0		40127.0
40145	2759.0	4751.0	451864.0	5204.0	5302.0	155619.0	452333.0	5338.0		5351.0	40144.0		40145.0
40302	2759.0	4751.0		6029.0					6032.0	27974.0	27977.0		40302.0
40355	2759.0	4751.0	451864.0	4890.0	147538.0	147545.0	451870.0	34395.0		43219.0	40354.0		40355.0
40382	2759.0	4751.0	451864.0	4890.0	147538.0	147545.0	451871.0	5042.0		1131492.0	5052.0		40382.0
40492	2759.0	4751.0	451864.0	5204.0	5302.0	155619.0		452342.0		103376.0	5644.0		40492.0
40559	2759.0	4751.0	451864.0	4890.0	147538.0	147548.0		5178.0		28983.0	33196.0		40559.0
41061	2759.0	4751.0	451864.0	4890.0	147538.0	147545.0	451871.0	5042.0		1131492.0	5052.0		41061.0
41833	2759.0	4751.0		1913637.0	451507.0	2212704.0		1913639.0		1403793.0	64561.0		41833.0
42068	2759.0	4751.0	451864.0	4890.0	451866.0	147553.0		37987.0		44281.0	4753.0		42068.0
42260	2759.0	4751.0	451864.0	4890.0	147537.0	4891.0		4892.0		4893.0	1196389.0		42260.0
42374	2759.0	4751.0	451864.0	4890.0	147537.0	4891.0		4892.0		766764.0	1535326.0		42374.0
42399	2759.0	4751.0		6029.0					6032.0	27974.0	42398.0		42399.0
43049	2759.0	4751.0	451864.0	5204.0	452284.0	452283.0		62916.0		5279.0	13289.0		43049.0
43228	2759.0	4751.0	451864.0	4890.0	147538.0	147545.0	451870.0	34395.0		43219.0	43220.0		43228.0
43229	2759.0	4751.0	451864.0	4890.0	147538.0	147545.0	451870.0	34395.0		43219.0	43220.0		43229.0
44070	2759.0	4751.0	451864.0	4890.0	147537.0	4891.0		4892.0		1540145.0	44069.0		44070.0
44093	2759.0	4751.0	451864.0	4890.0	147537.0	4891.0		4892.0		410830.0	229045.0		44093.0
45130	2759.0	4751.0	451864.0	4890.0	147538.0	147541.0	451868.0	92860.0	715340.0	28556.0	33194.0		45130.0
45151	2759.0	4751.0	451864.0	4890.0	147538.0	147541.0	451868.0	92860.0	715340.0	28556.0	5027.0		45151.0
45285	2759.0	4751.0	451864.0	4890.0	147537.0	4891.0		4892.0		4893.0	33170.0		45285.0
45286	2759.0	4751.0	451864.0	4890.0	147537.0	4891.0		4892.0		4893.0	33170.0		45286.0
45354	2759.0	4751.0	451864.0	4890.0	147537.0	4891.0		4892.0		27319.0	36910.0		45354.0
45502	2759.0	4751.0	451864.0	4890.0	147537.0	4891.0		4892.0		766764.0	766759.0		45502.0
45510	2759.0	4751.0	451864.0	4890.0	147537.0	4891.0		4892.0		766764.0	766765.0		45510.0
45511	2759.0	4751.0	451864.0	4890.0	147537.0	4891.0		4892.0		766764.0	766765.0		45511.0
45513	2759.0	4751.0	451864.0	4890.0	147537.0	4891.0		4892.0		766764.0	766733.0		45513.0
45515	2759.0	4751.0	451864.0	4890.0	147537.0	4891.0		4892.0		766764.0	766765.0		45515.0
45535	2759.0	4751.0	451864.0	4890.0	147537.0	4891.0		4892.0		410830.0	410829.0		45535.0
45575	2759.0	4751.0	451864.0	4890.0	147537.0	4891.0		4892.0		410830.0	410829.0		45575.0
45586	2759.0	4751.0	451864.0	4890.0	147537.0	4891.0		4892.0			5475.0		45586.0
45596	2759.0	4751.0	451864.0	4890.0	147537.0	4891.0		4892.0		766764.0	766765.0		2315449.0
45601	2759.0	4751.0	451864.0	4890.0	147537.0	4891.0		4892.0		410830.0	410829.0		45601.0
45609	2759.0	4751.0	451864.0	4890.0	147537.0	4891.0		4892.0		766764.0	766748.0		45609.0
45794	2759.0	4751.0	451864.0	4890.0	147537.0	4891.0		4892.0		34353.0	45793.0		45794.0
46583	2759.0	4751.0	451864.0	4890.0	147537.0	4891.0		4892.0		766764.0	1539666.0		46583.0
47032	2759.0	4751.0		1913637.0	214504.0	214506.0		36750.0		36751.0	1129544.0		47032.0
48254	2759.0	4751.0	451864.0	4890.0	147537.0	4891.0		4892.0		4893.0	4948.0		48254.0
48490	2759.0	4751.0	451864.0	4890.0	147538.0	147550.0	222543.0	5125.0		110618.0	5506.0	171627.0	48490.0
49330	2759.0	4751.0	451864.0	4890.0	147537.0	4891.0		4892.0		115784.0	599802.0		49330.0
51453	2759.0	4751.0	451864.0	4890.0	147538.0	147550.0	222543.0	5125.0		5129.0	5543.0		51453.0
51657	2759.0	4751.0	451864.0	4890.0	147537.0	4891.0		4892.0		4893.0	374468.0		51657.0
51660	2759.0	4751.0	451864.0	4890.0	147537.0	4891.0		4892.0		4893.0	374468.0		51660.0
51914	2759.0	4751.0	451864.0	4890.0	147537.0	4891.0		4892.0		4893.0	374468.0		51914.0
51918	2759.0	4751.0	451864.0	4890.0	147537.0	4891.0		4892.0		115784.0	604195.0		51918.0
52253	2759.0	4751.0	451864.0	4890.0	147537.0	4891.0		4892.0		766764.0	1535326.0		52253.0
52884	2759.0	4751.0	451864.0	4890.0	147538.0	147547.0	388435.0	388450.0	157824.0	48860.0	48861.0		52884.0
53485	2759.0	4751.0	451864.0	4890.0	147538.0	147541.0	451868.0	92860.0	715340.0	28556.0	5027.0		53485.0
53488	2759.0	4751.0	451864.0	4890.0	147537.0	4891.0		4892.0		4893.0	4948.0		53488.0
53685	2759.0	4751.0	451864.0	4890.0	147537.0	4891.0		4892.0		34365.0	29832.0		53685.0
54195	2759.0	4751.0	451864.0	4890.0	147537.0	4891.0		4892.0		44277.0	27308.0		54195.0
54899	2759.0	4751.0	451864.0	4890.0	147538.0	147550.0	222544.0	5114.0		767018.0	36922.0		54899.0
58627	2759.0	4751.0	451864.0	4890.0	147537.0	4891.0		4892.0		766764.0	4958.0		58627.0
58839	2759.0	4751.0		6029.0					6032.0	36734.0	6033.0		58839.0
60169	2759.0	4751.0	451864.0	4890.0	147538.0	147545.0	451871.0	5042.0		1131492.0	5073.0		60169.0
60172	2759.0	4751.0	451864.0	4890.0	147538.0	147545.0	451871.0	5042.0		1131492.0	5073.0		60172.0
61392	2759.0	4751.0		1913638.0	451828.0	2219690.0		4861.0		4862.0	4863.0		61392.0
61418	2759.0	4751.0		1913638.0	451828.0	2219690.0		4861.0		4862.0	61417.0		61418.0
61459	2759.0	4751.0	451864.0	4890.0	147538.0	147541.0					1955842.0		61459.0
63400	2759.0	4751.0	451864.0	4890.0	147538.0	147545.0	451871.0	33183.0		34384.0	5550.0		63400.0
63402	2759.0	4751.0	451864.0	4890.0	147538.0	147545.0	451871.0	33183.0		34384.0	1915381.0		63402.0
63405	2759.0	4751.0	451864.0	4890.0	147538.0	147545.0	451871.0	33183.0		34384.0	34392.0		63405.0
63417	2759.0	4751.0	451864.0	4890.0	147538.0	147545.0	451871.0	33183.0		34384.0	5550.0		63417.0
63577	2759.0	4751.0	451864.0	4890.0	147538.0	147550.0	222543.0	5125.0		5129.0	5543.0		63577.0
64495	2759.0	4751.0		1913637.0	451507.0	2212703.0		4827.0	1344963.0	1344955.0	4842.0		64495.0
64517	2759.0	4751.0		4761.0		451435.0		642610.0		1396497.0	64515.0		64517.0
64609	2759.0	4751.0	451864.0	4890.0	147538.0	147550.0	222543.0	5125.0		110618.0	1079112.0		64609.0
68401	2759.0	4751.0		1913638.0	451828.0	2219690.0		4861.0		4862.0	61417.0		68401.0
68825	2759.0	4751.0	451864.0	4890.0	147538.0	147545.0	451871.0	5042.0		28568.0	1132856.0		68825.0
70189	2759.0	4751.0		2202805.0	2202806.0	2202807.0		2202808.0		70187.0	70188.0		70189.0
71246	2759.0	4751.0	451864.0	4890.0	147537.0	4891.0		4892.0		4893.0	71245.0		71246.0
71617	2759.0	4751.0	451864.0	4890.0	147538.0	147550.0	222543.0	5125.0		474942.0	29909.0		71617.0
73501	2759.0	4751.0	451864.0	4890.0	147538.0	147550.0	222543.0	5125.0		474943.0	45234.0		73501.0
74035	2759.0	4751.0	451864.0	4890.0	147538.0	147545.0	451871.0	33183.0		34384.0	63399.0		74035.0
75736	2759.0	4751.0	451864.0	4890.0	147537.0	4891.0		4892.0			75735.0		75736.0
76773	2759.0	4751.0	451864.0	5204.0	452284.0	1538075.0		162474.0		742845.0	55193.0		76773.0
76777	2759.0	4751.0	451864.0	5204.0	452284.0	1538075.0		162474.0		742845.0	55193.0		76777.0
77020	2759.0	4751.0	451864.0	5204.0	452284.0	1538075.0		162474.0		742845.0	55193.0		77020.0
77105	2759.0	4751.0	451864.0	4890.0	147538.0	147548.0		5178.0		28983.0	5179.0		77105.0
78579	2759.0	4751.0	451864.0	4890.0	147538.0	147550.0	222544.0	5139.0		35718.0	1920207.0		78579.0
78898	2759.0	4751.0		1913637.0	1137986.0	2212732.0		214503.0		4854.0	4855.0		78898.0
78909	2759.0	4751.0		1913638.0	451827.0	2233521.0		78899.0		78903.0	78908.0		78909.0
78913	2759.0	4751.0		1913638.0	451827.0	2233521.0		78899.0		78904.0	78912.0		78913.0
78917	2759.0	4751.0		1913638.0	451827.0	2233521.0		78899.0		78903.0	78916.0		78917.0
78925	2759.0	4751.0		1913638.0	451828.0	2219692.0		78918.0		78919.0	78924.0		78925.0
79858	2759.0	4751.0	451864.0	4890.0	147538.0	147548.0				34379.0	78156.0		79858.0
80637	2759.0	4751.0	451864.0	5204.0	5302.0	155619.0	452333.0	68889.0	227334.0	80634.0	80635.0		80637.0
80884	2759.0	4751.0	451864.0	4890.0	147538.0	147550.0	222543.0	1028384.0		681950.0	5455.0		80884.0
82268	2759.0	4751.0		4761.0		451454.0		79272.0			82267.0		82268.0
82508	2759.0	4751.0	451864.0	5204.0	5302.0	155616.0		1851469.0		1759442.0	5552.0		82508.0
84751	2759.0	4751.0	451864.0	5204.0	452284.0	5257.0		5267.0		5268.0	1392992.0		84751.0
84753	2759.0	4751.0	451864.0	5204.0	452284.0	5257.0		5267.0		5268.0	63261.0		84753.0
85929	2759.0	4751.0	451864.0	4890.0	147538.0	147541.0	451867.0	134362.0		93133.0	237179.0		85929.0
85982	2759.0	4751.0	451864.0	5204.0	5302.0	155619.0	452333.0	68889.0	227334.0	389951.0	80744.0		85982.0
86049	2759.0	4751.0	451864.0	4890.0	147538.0	147545.0	451870.0	34395.0		43219.0	82105.0		86049.0
86056	2759.0	4751.0	451864.0	4890.0	147538.0	147545.0	451870.0	34395.0		43219.0	5587.0		86056.0
89940	2759.0	4751.0	451864.0	4890.0	147538.0	147545.0	451870.0	34395.0		43219.0	82105.0		89940.0
91928	2759.0	4751.0	451864.0	4890.0	147538.0	147545.0	451870.0	34395.0		43219.0	5583.0		91928.0
92637	2759.0	4751.0	451864.0	4890.0	147538.0	147550.0	222543.0	5125.0		34397.0	5529.0		92637.0
93612	2759.0	4751.0	451864.0	4890.0	147538.0	147541.0	451868.0	92860.0	715340.0	28556.0	91493.0		93612.0
97096	2759.0	4751.0	451864.0	4890.0	147538.0	147550.0	222545.0	37989.0		42364.0	97095.0		97096.0
100756	2759.0	4751.0	451864.0	5204.0	5302.0	155619.0		452342.0		40458.0	40459.0		100756.0
100816	2759.0	4751.0	451864.0	4890.0	147538.0	147550.0	222544.0	5139.0			100815.0		100816.0
101028	2759.0	4751.0	451864.0	4890.0	147538.0	147550.0	222543.0	5125.0		110618.0	5506.0	569360.0	101028.0
101162	2759.0	4751.0	451864.0	4890.0	147538.0	147541.0	451868.0	92860.0	715340.0	28556.0	33194.0		101162.0
101852	2759.0	4751.0	451864.0	4890.0	147538.0	147548.0		5178.0		5181.0	101851.0		101852.0
103449	2759.0	4751.0		6029.0					6036.0	35232.0	35235.0		103449.0
104341	2759.0	4751.0	451864.0	5204.0	5302.0	155619.0		5303.0		2028214.0	83235.0		104341.0
104355	2759.0	4751.0	451864.0	5204.0	5302.0	155619.0		452339.0		452340.0	40443.0		104355.0
104669	2759.0	4751.0	451864.0	5204.0	5302.0	155616.0		5234.0		1884633.0	5206.0		104669.0
109760	2759.0	4751.0		4761.0		451435.0		34478.0		34479.0	4815.0		109760.0
109871	2759.0	4751.0		4761.0		451435.0		451442.0			100474.0		109871.0
109936	2759.0	4751.0		4761.0		451435.0		642607.0		109915.0	109935.0		109936.0
110093	2759.0	4751.0		4761.0		451435.0		1134056.0			110092.0		110093.0
111463	2759.0	4751.0	451864.0	4890.0	147538.0	147550.0	222543.0	5125.0		474942.0	42367.0		111463.0
113608	2759.0	4751.0	451864.0	4890.0	147537.0	4891.0		4892.0		4893.0	113604.0		113608.0
114155	2759.0	4751.0	451864.0	5204.0	5302.0	155619.0		5303.0		5317.0	114154.0		114155.0
114497	2759.0	4751.0	451864.0	4890.0	147538.0	147550.0	222543.0	5125.0		474943.0	45234.0		114497.0
114524	2759.0	4751.0	451864.0	4890.0	147537.0	4891.0		4892.0		4893.0	4930.0		114524.0
114525	2759.0	4751.0	451864.0	4890.0	147537.0	4891.0		4892.0		4893.0	4930.0		114525.0
114526	2759.0	4751.0	451864.0	4890.0	147537.0	4891.0		4892.0		4893.0	4930.0		114526.0
115983	2759.0	4751.0	451864.0	4890.0	147538.0	147541.0		451869.0		1424649.0	121621.0		115983.0
117179	2759.0	4751.0	451864.0	5204.0	452284.0	452283.0		62916.0		5279.0	13289.0		117179.0
117187	2759.0	4751.0	451864.0	4890.0	147538.0	147550.0	222543.0	5125.0		110618.0	5506.0	171627.0	117187.0
118266	2759.0	4751.0	451864.0	4890.0	147538.0	147550.0	222543.0	5125.0		474943.0	5581.0		118266.0
119676	2759.0	4751.0	451864.0	4890.0	147538.0	147545.0	451871.0	33183.0		34384.0	1915381.0		119676.0
121466	2759.0	4751.0	451864.0	4890.0	147537.0	4891.0		4892.0		766764.0	549703.0		121466.0
121759	2759.0	4751.0	451864.0	4890.0	147538.0	147545.0	451871.0	33183.0			38946.0		121759.0
133175	2759.0	4751.0	451864.0	4890.0	147538.0	147541.0	451867.0	134362.0		93133.0	131324.0		133175.0
140110	2759.0	4751.0	451864.0	4890.0	147538.0	147550.0	222543.0	5125.0		110618.0	5506.0	232080.0	140110.0
143960	2759.0	4751.0		451459.0		451460.0		4805.0		143958.0	143959.0		143960.0
144539	2759.0	4751.0		1913637.0	214504.0	214506.0		214508.0		144536.0	144537.0		144539.0
145971	2759.0	4751.0	451864.0	4890.0	147538.0	147550.0	222543.0	1028384.0		681950.0	5455.0		145971.0
149040	2759.0	4751.0	451864.0	4890.0	147538.0	147548.0		5178.0			150173.0		149040.0
152651	2759.0	4751.0	451864.0	4890.0	147538.0	147541.0	451868.0	92860.0		221679.0	100051.0		152651.0
153609	2759.0	4751.0	451864.0	5204.0	5302.0	155619.0	452333.0	5338.0		654128.0	221102.0		153609.0
154344	2759.0	4751.0	451864.0	5204.0	5302.0	155619.0		5303.0		5317.0	5314.0		154344.0
161997	2759.0	4751.0	451864.0	4890.0	147538.0	147547.0	388435.0	388450.0	157824.0	48860.0	48861.0		161997.0
162425	2759.0	4751.0	451864.0	4890.0	147538.0	147545.0	451871.0	5042.0		1131492.0	5052.0		162425.0
169388	2759.0	4751.0	451864.0	4890.0	147538.0	147550.0	222543.0	5125.0		110618.0	5506.0	232080.0	169388.0
169999	2759.0	4751.0	451864.0	5204.0	29000.0	162484.0		5258.0		145793.0	169998.0		169999.0
170000	2759.0	4751.0	451864.0	5204.0	29000.0	162484.0		5258.0		145793.0	169998.0		170000.0
174685	2759.0	4751.0		6029.0						174683.0	174684.0		174685.0
176275	2759.0	4751.0	451864.0	4890.0	147538.0	147550.0	222543.0	5125.0		474943.0	5581.0		176275.0
176453	2759.0	4751.0	451864.0	4890.0	147538.0	147547.0	388435.0	388450.0	157824.0	48860.0	48861.0		176453.0
184778	2759.0	4751.0	451864.0	4890.0	147537.0	4891.0		4892.0		34353.0	4951.0		1608523.0
192010	2759.0	4751.0	451864.0	4890.0	147538.0	147550.0	222543.0	5125.0		110618.0	5506.0	171627.0	192010.0
197054	2759.0	4751.0	451864.0	4890.0	147537.0	4891.0		4892.0		34353.0	4951.0		197054.0
199306	2759.0	4751.0	451864.0	4890.0	147538.0	147545.0	451871.0	33183.0			5500.0		199306.0
202698	2759.0	4751.0	451864.0	5204.0	5302.0	155619.0		452338.0		908827.0	133746.0		202698.0
203908	2759.0	4751.0	451864.0	5204.0	29000.0	162484.0		5258.0		5259.0	5260.0		203908.0
208960	2759.0	4751.0	451864.0	5204.0	5302.0	155619.0		139380.0		40424.0	167346.0		208960.0
209285	2759.0	4751.0	451864.0	4890.0	147538.0	147550.0	222544.0	5139.0		35718.0	5149.0		209285.0
210010	2759.0	4751.0	451864.0	4890.0	147538.0	147548.0		5178.0			38037.0		210010.0
212818	2759.0	4751.0	451864.0	4890.0	147538.0	147545.0	451870.0	34395.0		43219.0	5583.0		212818.0
215243	2759.0	4751.0	451864.0	4890.0	147538.0	147545.0	451870.0	34395.0		43219.0	5583.0		215243.0
221103	2759.0	4751.0	451864.0	5204.0	5302.0	155619.0	452333.0	5338.0		654128.0	221102.0		221103.0
223192	2759.0	4751.0	451864.0	4890.0	147538.0	147550.0	222544.0	1775898.0		1756146.0	65412.0		223192.0
224420	2759.0	4751.0	451864.0	4890.0	147538.0	147541.0	451868.0	92860.0			224419.0		224420.0
226899	2759.0	4751.0	451864.0	4890.0	147538.0	147550.0	222544.0	5151.0		5152.0	360145.0		226899.0
230603	2759.0	4751.0	451864.0	4890.0	147537.0	4891.0		4892.0		4893.0	4930.0		230603.0
231932	2759.0	4751.0	451864.0	5204.0	5302.0	155619.0		5303.0		396331.0	5305.0		231932.0
236234	2759.0	4751.0	451864.0	4890.0	147538.0	147541.0		451869.0		45131.0	66735.0		236234.0
245174	2759.0	4751.0	451864.0	5204.0	2204096.0	431957.0		431958.0		431959.0	148959.0		245174.0
253628	2759.0	4751.0	451864.0	4890.0	147538.0	147541.0		1111111.0		1111112.0	1494215.0		253628.0
261099	2759.0	4751.0		4761.0		451435.0		451442.0		451451.0	451452.0		261099.0
263815	2759.0	4751.0	451864.0	4890.0	451866.0	147553.0		37987.0		44281.0	4753.0		263815.0
273371	2759.0	4751.0	451864.0	4890.0	147537.0	4891.0		4892.0		766764.0	1535326.0		273371.0
273372	2759.0	4751.0	451864.0	4890.0	147537.0	4891.0		4892.0		766764.0	1535326.0		273372.0
276838	2759.0	4751.0		451459.0		2202803.0		2202804.0		109873.0	109874.0		276838.0
279894	2759.0	4751.0	451864.0	4890.0	147537.0	4891.0		4892.0		410830.0	410829.0		279894.0
280754	2759.0	4751.0	451864.0	4890.0	147538.0	147550.0	222543.0	5125.0		34397.0	243023.0		280754.0
281364	2759.0	4751.0	451864.0	4890.0	147538.0	147550.0	222543.0	5125.0			159075.0		281364.0
281847	2759.0	4751.0		1031332.0							276836.0		281847.0
288795	2759.0	4751.0	451864.0	5204.0	29000.0	162481.0		55070.0		55071.0	34416.0		288795.0
290576	2759.0	4751.0	451864.0	4890.0	147538.0	147550.0	222543.0	1028384.0		681950.0	5455.0		290576.0
291364	2759.0	4751.0	451864.0	4890.0	147538.0	147550.0	222543.0	5125.0		474943.0	150366.0		2231603.0
293227	2759.0	4751.0	451864.0	4890.0	147538.0	147545.0	451870.0	34395.0		1341112.0	226991.0		293227.0
305400	2759.0	4751.0	451864.0	4890.0	147538.0	147550.0	222544.0	5114.0		399129.0	305399.0		305400.0
310453	2759.0	4751.0	451864.0	4890.0	147538.0	147541.0		451869.0		45131.0	407951.0		310453.0
317047	2759.0	4751.0	451864.0	4890.0	147537.0	4891.0		4892.0			317045.0		317047.0
318829	2759.0	4751.0	451864.0	4890.0	147538.0	147550.0	222544.0	639021.0		2528436.0	48558.0		318829.0
324677	2759.0	4751.0		4761.0		451435.0		2231171.0		286113.0	286114.0		324677.0
324740	2759.0	4751.0	451864.0	4890.0	147537.0	4891.0		4892.0		1156497.0	324738.0		324740.0
324769	2759.0	4751.0	451864.0	5204.0	5302.0	155616.0		5234.0		1884633.0	490731.0		324769.0
324770	2759.0	4751.0	451864.0	5204.0	5302.0	155616.0		5234.0		1884633.0	490731.0		324770.0
326628	2759.0	4751.0	451864.0	4890.0	147538.0	147550.0	222545.0	37989.0		2033035.0	326606.0		326628.0
327079	2759.0	4751.0	451864.0	5204.0	452284.0	5257.0		5267.0		5268.0	63298.0		327079.0
332947	2759.0	4751.0	451864.0	4890.0	147538.0	147550.0	222543.0	5125.0		474942.0	42367.0		332947.0
337075	2759.0	4751.0	451864.0	4890.0	147538.0	147549.0		5185.0		110846.0	47204.0		337075.0
340170	2759.0	4751.0	451864.0	4890.0	147537.0	4891.0		4892.0		766764.0	412764.0		340170.0
342668	2759.0	4751.0	451864.0	4890.0	147538.0	147548.0				34379.0	78156.0		342668.0
348802	2759.0	4751.0	451864.0	4890.0	147538.0	147545.0	451870.0	34395.0		43219.0	5583.0		348802.0
354353	2759.0	4751.0	451864.0	4890.0	147538.0	147550.0	222544.0	5114.0		399129.0	305399.0		354353.0
364733	2759.0	4751.0	451864.0	4890.0	147538.0	147545.0	451870.0	146291.0		146292.0	364710.0		364733.0
369265	2759.0	4751.0	451864.0	4890.0	147537.0	4891.0		4892.0		1156497.0	461281.0		369265.0
371061	2759.0	4751.0	451864.0	4890.0	147538.0	147550.0	222543.0	5125.0		474943.0	5581.0		371061.0
377600	2759.0	4751.0	451864.0	4890.0	147537.0	4891.0		4892.0		410830.0	410829.0		377600.0
377601	2759.0	4751.0	451864.0	4890.0	147537.0	4891.0		4892.0		410830.0	410829.0		377601.0
378047	2759.0	4751.0	451864.0	4890.0	147537.0	4891.0		4892.0		410830.0	43971.0		378047.0
378048	2759.0	4751.0	451864.0	4890.0	147537.0	4891.0		4892.0		410830.0	43971.0		378048.0
378056	2759.0	4751.0	451864.0	4890.0	147537.0	4891.0		4892.0		410830.0	410829.0		378056.0
378058	2759.0	4751.0	451864.0	4890.0	147537.0	4891.0		4892.0		410830.0	410829.0		378058.0
378059	2759.0	4751.0	451864.0	4890.0	147537.0	4891.0		4892.0		410830.0	410829.0		378059.0
378060	2759.0	4751.0	451864.0	4890.0	147537.0	4891.0		4892.0		410830.0	410829.0		378060.0
381046	2759.0	4751.0	451864.0	4890.0	147537.0	4891.0		4892.0		4893.0	300275.0		381046.0
386457	2759.0	4751.0	451864.0	4890.0	147538.0	147550.0	222543.0	5592.0		1028423.0	5157.0		386457.0
393283	2759.0	4751.0	451864.0	4890.0	147538.0	147550.0	222545.0	37989.0		1812776.0	37840.0		393283.0
395010	2759.0	4751.0	451864.0	4890.0	147538.0	147541.0	451867.0	134362.0		93133.0	395590.0		395010.0
396380	2759.0	4751.0	451864.0	4890.0	147538.0	147545.0	451870.0	146291.0		146292.0	364710.0		396380.0
398673	2759.0	4751.0	451864.0	4890.0	147538.0	147550.0	222543.0	5125.0		5129.0	5543.0		398673.0
410836	2759.0	4751.0	451864.0	4890.0	147537.0	4891.0		4892.0		410830.0	410829.0		410836.0
430498	2759.0	4751.0	451864.0	4890.0	147538.0	189478.0		189479.0		47021.0	314122.0		430498.0
432096	2759.0	4751.0	451864.0	4890.0	147537.0	4891.0		4892.0		4893.0	71245.0		432096.0
444778	2759.0	4751.0	451864.0	4890.0	147537.0	4891.0		4892.0		34353.0	4951.0		444778.0
453459	2759.0	4751.0	451864.0	5204.0	5302.0	155616.0		5234.0		1884633.0	490731.0		453459.0
456999	2759.0	4751.0	451864.0	5204.0	5302.0	155619.0		36064.0		5250.0	1322061.0		456999.0
460519	2759.0	4751.0	451864.0	4890.0	147537.0	4891.0		4892.0		115784.0	460517.0		460519.0
460523	2759.0	4751.0	451864.0	4890.0	147537.0	4891.0		4892.0		1156497.0	461281.0		460523.0
463800	2759.0	4751.0	451864.0	5204.0	5302.0	155616.0		5234.0		1884633.0	490731.0		463800.0
468837	2759.0	4751.0	451864.0	4890.0	147538.0	147550.0	222543.0	5125.0		474943.0	291363.0		468837.0
470704	2759.0	4751.0	451864.0	4890.0	147538.0	147545.0	451870.0	34395.0		43219.0	82105.0		470704.0
474922	2759.0	4751.0	451864.0	4890.0	147538.0	147550.0	222543.0	1028384.0		681950.0	5455.0		474922.0
479092	2759.0	4751.0	451864.0	4890.0	147537.0	4891.0		4892.0		34353.0	4951.0		479092.0
498019	2759.0	4751.0	451864.0	4890.0	147537.0	4891.0		4892.0		27319.0	36910.0		498019.0
500148	2759.0	4751.0	451864.0	4890.0	147538.0	147550.0	222543.0	5125.0		34397.0	5529.0		500148.0
502744	2759.0	4751.0	451864.0	4890.0	147538.0	147541.0	451867.0	45676.0			651026.0		502744.0
523103	2759.0	4751.0	451864.0	4890.0	147538.0	147545.0	451871.0	33183.0		34384.0	5550.0		523103.0
536035	2759.0	4751.0	451864.0	4890.0	147537.0	4891.0		4892.0		766764.0	1535326.0		536035.0
542766	2759.0	4751.0	451864.0	5204.0	452284.0	452283.0		162475.0			561108.0		542766.0
549293	2759.0	4751.0		1913637.0	451507.0	2212703.0		4827.0		499202.0	688353.0		549293.0
559561	2759.0	4751.0	451864.0	4890.0	147538.0	147541.0	451867.0	5014.0		1570301.0	5579.0		559561.0
563466	2759.0	4751.0	451864.0	4890.0	147538.0	147550.0	222543.0	5592.0		5593.0	41687.0		563466.0
568076	2759.0	4751.0	451864.0	4890.0	147538.0	147550.0	222543.0	5125.0		34397.0	5529.0		568076.0
569362	2759.0	4751.0	451864.0	4890.0	147538.0	147550.0	222543.0	5125.0		110618.0	5506.0	569360.0	569362.0
569365	2759.0	4751.0	451864.0	4890.0	147538.0	147545.0	451870.0	34395.0		43219.0	82105.0		569365.0
575983	2759.0	4751.0	451864.0	5204.0	5302.0	155619.0		5303.0		5317.0	5324.0		575983.0
576137	2759.0	4751.0	451864.0	4890.0	147538.0	147548.0		5178.0			150173.0		576137.0
586133	2759.0	4751.0		6029.0							586132.0		586133.0
588596	2759.0	4751.0		1913637.0	214504.0	214506.0		36750.0		36751.0	1129544.0		588596.0
599730	2759.0	4751.0	451864.0	4890.0	147537.0	4891.0		4892.0		115784.0	599737.0		599730.0
599839	2759.0	4751.0	451864.0	5204.0	5302.0	155619.0		5303.0			599838.0		599839.0
655981	2759.0	4751.0	451864.0	4890.0	147538.0	147548.0				34379.0	78156.0		655981.0
698440	2759.0	4751.0	451864.0	4890.0	147538.0	147548.0		5178.0		76657.0	324777.0		698440.0
706196	2759.0	4751.0	451864.0	4890.0	147537.0	4891.0		4892.0		4893.0	4930.0		706196.0
710243	2759.0	4751.0	451864.0	4890.0	147538.0	147550.0	222543.0	1028384.0		681950.0	5455.0		710243.0
717740	2759.0	4751.0	451864.0	4890.0	147537.0	4891.0		4892.0		766764.0	507510.0		717740.0
746128	2759.0	4751.0	451864.0	4890.0	147538.0	147545.0	451871.0	5042.0		1131492.0	5052.0		746128.0
749589	2759.0	4751.0	451864.0	4890.0	147538.0	147541.0	451868.0	92860.0	715340.0	683158.0	55170.0		749589.0
764597	2759.0	4751.0	451864.0	4890.0	147538.0	147550.0	222544.0	5114.0		399129.0	305399.0		764597.0
796027	2759.0	4751.0	451864.0	4890.0	147537.0	4891.0		4892.0		410830.0	410829.0		796027.0
866546	2759.0	4751.0	451864.0	4890.0	451866.0	147554.0		34346.0		4894.0	4895.0		866546.0
870730	2759.0	4751.0	451864.0	4890.0	147537.0	4891.0		4892.0		1156497.0	461281.0		870730.0
879819	2759.0	4751.0	451864.0	5204.0	5302.0	155616.0		1851469.0		1759442.0	1838142.0		879819.0
907738	2759.0	4751.0	451864.0	4890.0	147537.0	4891.0		4892.0		115784.0	604195.0		907738.0
914237	2759.0	4751.0	451864.0	4890.0	147538.0	147548.0		5178.0			38037.0		914237.0
914238	2759.0	4751.0	451864.0	4890.0	147538.0	147548.0		5178.0			38037.0		914238.0
931006	2759.0	4751.0	451864.0	4890.0	147538.0	147550.0	222543.0	5125.0		474943.0	5581.0		931006.0
933994	2759.0	4751.0	451864.0	4890.0	147537.0	4891.0		4892.0		410830.0	933993.0		933994.0
979981	2759.0	4751.0	451864.0	4890.0	147538.0	147545.0	451870.0	34395.0		43219.0	40354.0		979981.0
984962	2759.0	4751.0	451864.0	5204.0	5302.0	155619.0		452342.0		40420.0	13562.0		984962.0
1005962	2759.0	4751.0	451864.0	4890.0	147537.0	4891.0		4892.0		1156497.0	461281.0		1005962.0
1033840	2759.0	4751.0	451864.0	4890.0	147538.0	147545.0	451870.0	34395.0		43219.0	5583.0		1033840.0
1041607	2759.0	4751.0	451864.0	4890.0	147537.0	4891.0		4892.0		115784.0	599737.0		1041607.0
1042127	2759.0	4751.0	451864.0	4890.0	147538.0	147541.0	451867.0	5014.0		1570301.0	5579.0		1042127.0
1047171	2759.0	4751.0	451864.0	4890.0	147538.0	147541.0	451867.0	134362.0		93133.0	1047167.0		1047171.0
1048829	2759.0	4751.0	451864.0	4890.0	147538.0	147545.0	451871.0	33183.0			38946.0		1048829.0
1051613	2759.0	4751.0	451864.0	4890.0	147538.0	147550.0	222543.0	1028384.0		1033978.0	1036719.0		1051613.0
1051616	2759.0	4751.0	451864.0	4890.0	147538.0	147550.0	222543.0	1028384.0		1033978.0	1036719.0		1051616.0
1071379	2759.0	4751.0	451864.0	4890.0	147537.0	4891.0		4892.0		4893.0	113604.0		1071379.0
1080349	2759.0	4751.0	451864.0	4890.0	147537.0	4891.0		4892.0		4893.0	4930.0		1080349.0
1108849	2759.0	4751.0	451864.0	4890.0	147538.0	147545.0	451871.0	5042.0		1131492.0	5073.0		1108849.0
1173061	2759.0	4751.0	451864.0	4890.0	147537.0	4891.0		4892.0		34353.0	43987.0		1173061.0
1182553	2759.0	4751.0	451864.0	4890.0	147538.0	147545.0	451870.0	34395.0		43219.0	82105.0		1182553.0
1198502	2759.0	4751.0	451864.0	4890.0	147537.0	4891.0		4892.0		766764.0	1535326.0		1198502.0
1209934	2759.0	4751.0	451864.0	4890.0	147538.0	147550.0	222543.0	1028384.0		681950.0	5455.0		1209934.0
1213189	2759.0	4751.0		1913638.0	451828.0	2219693.0		61421.0		4883.0	1213188.0		1213189.0
1217826	2759.0	4751.0	451864.0	4890.0	147538.0	1217819.0		1217820.0		1217822.0	1217823.0		1217826.0
1288119	2759.0	4751.0	451864.0	5204.0	29000.0	162481.0		55070.0		55071.0	34416.0		1288119.0
1316150	2759.0	4751.0		1913637.0	214504.0	214506.0		214509.0		36753.0	756610.0		1316150.0
1331295	2759.0	4751.0	451864.0	5204.0	5302.0	155619.0		5226.0		5227.0	5230.0		1331295.0
1367422	2759.0	4751.0	451864.0	4890.0	147538.0	147545.0	451870.0	34395.0		43219.0	40354.0		1367422.0
1378263	2759.0	4751.0	451864.0	4890.0	147537.0	4891.0		4892.0		1156497.0	461281.0		1378263.0
1392244	2759.0	4751.0	451864.0	5204.0	452284.0	5257.0		5267.0		5268.0	1804794.0		1392244.0
1441469	2759.0	4751.0	451864.0	4890.0	147538.0	147545.0	451871.0	5042.0		28568.0	5094.0		1441469.0
1460663	2759.0	4751.0	451864.0	4890.0	147538.0	147541.0	451868.0	92860.0	1255046.0	221678.0	125369.0		1460663.0
1485682	2759.0	4751.0		6029.0							1633384.0		1485682.0
1518595	2759.0	4751.0	451864.0	4890.0	147538.0	147547.0	388435.0	5197.0	157822.0	39933.0	39934.0		1518595.0
1610689	2759.0	4751.0	451864.0	4890.0	147538.0	147550.0	222543.0	5125.0		2502719.0	284134.0		1610689.0
1650735	2759.0	4751.0	451864.0	4890.0	147538.0	147550.0	222543.0	5125.0		34397.0	5529.0		1650735.0
1664694	2759.0	4751.0	451864.0	4890.0	147538.0	147545.0	451870.0	34395.0		43219.0	5600.0		1664694.0
1681229	2759.0	4751.0	451864.0	4890.0	147538.0	147545.0	451871.0	33183.0		299071.0	229219.0		1681229.0
1708541	2759.0	4751.0	451864.0	5204.0	2204096.0	431957.0		431958.0		431959.0	148959.0		1708541.0
1709381	2759.0	4751.0	451864.0	4890.0	147538.0	147541.0	451867.0	134362.0		668547.0	483074.0		1709381.0
1802957	2759.0	4751.0	451864.0	4890.0	147538.0	147548.0		5178.0		5181.0	1802956.0		1802957.0
1873960	2759.0	4751.0	451864.0	4890.0	147538.0	147541.0	451867.0	134362.0		93133.0	131324.0		1873960.0
